-----------PASS 1-----------
class length 0 & 1:72 34
83.33333333333334 %
91.66666666666666 %
72.72727272727273 %
81.81818181818183 %
80.0 %
60.0 %
50.0 %
80.0 %
80.0 %
60.0 %
-----73.95454545454545%-----
-----------PASS 2-----------
class length 0 & 1:1 105
91.66666666666666 %
100.0 %
100.0 %
100.0 %
100.0 %
100.0 %
100.0 %
100.0 %
100.0 %
100.0 %
-----99.16666666666666%-----
-----------PASS 3-----------
class length 0 & 1:1 105
91.66666666666666 %
100.0 %
100.0 %
100.0 %
100.0 %
100.0 %
100.0 %
100.0 %
100.0 %
100.0 %
-----99.16666666666666%-----
-----------PASS 4-----------
class length 0 & 1:5 101
91.66666666666666 %
90.9090909090909 %
90.9090909090909 %
90.9090909090909 %
100.0 %
100.0 %
100.0 %
100.0 %
100.0 %
100.0 %
-----96.43939393939394%-----
-----------PASS 5-----------
class length 0 & 1:2 104
91.66666666666666 %
100.0 %
100.0 %
100.0 %
100.0 %
100.0 %
100.0 %
100.0 %
100.0 %
100.0 %
-----99.16666666666666%-----
-----------PASS 6-----------
class length 0 & 1:105 1
91.66666666666666 %
100.0 %
100.0 %
100.0 %
100.0 %
100.0 %
100.0 %
100.0 %
100.0 %
100.0 %
-----99.16666666666666%-----
-----------PASS 7-----------
class length 0 & 1:2 104
91.66666666666666 %
91.66666666666666 %
100.0 %
100.0 %
100.0 %
100.0 %
100.0 %
100.0 %
100.0 %
100.0 %
-----98.33333333333333%-----
-----------PASS 8-----------
class length 0 & 1:5 101
91.66666666666666 %
90.9090909090909 %
90.9090909090909 %
90.9090909090909 %
100.0 %
90.0 %
90.0 %
100.0 %
100.0 %
100.0 %
-----94.43939393939394%-----
-----------PASS 9-----------
class length 0 & 1:5 101
100.0 %
90.9090909090909 %
100.0 %
90.9090909090909 %
81.81818181818183 %
100.0 %
100.0 %
100.0 %
100.0 %
100.0 %
-----96.36363636363635%-----
-----------PASS 10-----------
class length 0 & 1:1 105
91.66666666666666 %
100.0 %
100.0 %
100.0 %
100.0 %
100.0 %
100.0 %
100.0 %
100.0 %
100.0 %
-----99.16666666666666%-----
Overall dataset R square: 0.20034727061969398
Accuracy increase ratio: 0.4444444444444444
Repeatition percentage: [1.         0.99999958 0.99999957 0.9999995  0.99999935 0.99999871
 0.99999827 0.999996   0.99999341 0.99999315 0.99999169 0.9999915
 0.99999146 0.999991   0.99998947 0.99998881 0.99998864 0.99998605
 0.9999859  0.9999858  0.99998424 0.99998165 0.99997734 0.9999771
 0.99997503 0.99997361 0.99996625 0.99996288 0.99995868 0.9999582
 0.99995671 0.99994286 0.99994137 0.99993948 0.99993796 0.99993704
 0.99993305 0.99993255 0.9999312  0.99992609 0.99991377 0.99990911
 0.99990137 0.99987845 0.99987576 0.99987516 0.99987225 0.99987176
 0.9998683  0.99986787 0.99986702 0.99986004 0.99985681 0.99985555
 0.99985419 0.99985309 0.99985254 0.99983899 0.99983856 0.99983825
 0.99983386 0.99982996 0.99982921 0.99982894 0.9998286  0.9998243
 0.99981996 0.99981895 0.99981703 0.99981064 0.99981021 0.99980878
 0.99980211 0.99979538 0.99978885 0.99978763 0.9997844  0.99978185
 0.99977883 0.99977397 0.9997719  0.99976877 0.99975684 0.99974983
 0.9997494  0.99974702 0.99974465 0.99973967 0.99973873 0.99973765
 0.99972821 0.99972246 0.99971685 0.99971317 0.99971    0.99970918
 0.99969639 0.99969455 0.99969314 0.99969232 0.9996905  0.99969035
 0.99968792 0.99968425 0.99968369 0.99967819 0.99967341 0.9996734
 0.99967119 0.99966237 0.99964598 0.99964272 0.99963646 0.99963553
 0.99963478 0.99963372 0.99962954 0.99961279 0.99960868 0.99960376
 0.99960329 0.99960156 0.99959159 0.99958371 0.99958368 0.9995808
 0.99958025 0.99957914 0.99957692 0.99956611 0.999566   0.99953671
 0.99953477 0.99952749 0.99951461 0.99950451 0.99950442 0.99948876
 0.99948635 0.9994858  0.99948441 0.99947881 0.9994701  0.99946303
 0.99946208 0.99944985 0.99944771 0.99944113 0.99943744 0.99942796
 0.9994231  0.99941035 0.99940856 0.99940751 0.99940384 0.99939838
 0.99938788 0.99938218 0.9993818  0.99937774 0.99937653 0.99937623
 0.99937577 0.99935181 0.9993488  0.99933058 0.99931139 0.99931046
 0.99930041 0.99928723 0.99927593 0.99927546 0.99926664 0.99924487
 0.99923923 0.99922883 0.99922319 0.99921646 0.99919562 0.99918278
 0.99917969 0.99917271 0.9991535  0.99913447 0.99912985 0.99912758
 0.9991014  0.99910039 0.99909631 0.99908864 0.99907383 0.99906764
 0.99906533 0.99906466 0.9990605  0.99906049 0.99905279 0.99902901
 0.99899259 0.99898818 0.99895087 0.99888139 0.99886986 0.99886667
 0.99883836 0.99883393 0.99882845 0.9988244  0.99881983 0.99879146
 0.99878524 0.99875293 0.99875253 0.9987506  0.99871706 0.99871445
 0.99867614 0.99863114 0.99861132 0.99861013 0.99860432 0.99860061
 0.99858182 0.99857749 0.9985736  0.99855777 0.99854922 0.99854482
 0.99854188 0.99847703 0.99846872 0.99845512 0.99833518 0.99829818
 0.99827352 0.99824885 0.99823887 0.99819603 0.99818175 0.9981502
 0.99814163 0.99812553 0.9980478  0.99788664 0.99765692 0.99761992
 0.99752127 0.99748205 0.99747194 0.99744398 0.99742261 0.99733629
 0.99732395 0.9972253  0.99712983 0.99712507 0.99695372 0.99693944
 0.99690467 0.99688    0.99686804 0.99686328 0.99673952 0.99672048
 0.99654437 0.99649201 0.99639906 0.99632542 0.99631273 0.99625402
 0.99602555 0.99597977 0.99590578 0.99581612 0.99567808 0.99558765
 0.99557337 0.99538784 0.99534966 0.99526452 0.99520286 0.99508311
 0.9950672  0.99480823 0.99400263 0.99367369 0.99109631 0.99056604
 0.98113208 0.96226415 0.81132075 0.66037736 0.6509434  0.64150943
 0.63207547 0.62264151 0.61320755 0.60377358 0.59433962 0.58490566
 0.5754717  0.56603774 0.55660377 0.54716981 0.53773585 0.52830189
 0.51886792 0.50943396 0.5        0.49056604 0.48113208 0.47169811
 0.46226415 0.44339623 0.43396226 0.4245283  0.40566038 0.39622642
 0.38679245 0.37735849 0.36792453 0.35849057 0.3490566 ]
