0.3392612859097127
0.6053528589136918
0.2273154734165416
0.03789904072967453
0.07381269879786376
0.2805968735633063
0.27025727048570536
0.19756656405647494
0.7651120707343033
0.3215730441458723
0.26263999372923885
0.08928866149529634
0.26218958689936056
0.013665922729773766
0.20102608643448966
0.4295226547880998
0.32157087625900493
0.052688172043010593
0.3344507928664278
0.19691088687181535
0.03789904072967453
0.0
0.28895117773124074
0.1984334466359286
0.757276932867777
0.20805716066518057
0.08928866149529634
0.1044527585758859
0.2686803187428132
0.15670583829259838
