0.14788131510625754
0.3415060534200281
0.2727272727272728
0.26532174613136794
0.2704810275513838
0.28011706381070955
0.21410153079404723
0.2727272727272725
0.32781743364569055
0.20504071645604302
0.32036553702196846
0.27767999999221804
0.29718472270025553
0.36260729941759223
0.28634889001725644
0.1593011796574171
0.27119961510818535
0.31071955963523756
0.2667183835631322
0.2727272727272726
0.3210483210483216
0.25583725711809907
0.23551433102277258
0.3101081003621139
0.21036578625145652
0.2547787507449157
0.2883146375912982
0.22929017583129271
0.25343951925042524
0.2922133739617207
0.2664738473421272
0.2903443349728114
0.17776237052561472
0.2751742336116323
0.21813652459986918
0.2396229776499717
0.2979007737686991
0.34556905620416783
0.28240163537377905
0.2727272727272728
0.20758036587419604
0.2740788318146052
0.27260784619601963
0.20063177333700438
0.27266211164651144
0.2421733348396492
0.2727272727272728
0.49087985019158054
0.21579511796559206
0.2904501834289123
0.19099341160646477
0.2477119293269536
0.152127058848768
0.2727272727272728
0.3128586310488928
0.3308581884963288
0.27385215472257135
0.28464316230909
0.2095928891305402
0.2794407450963877
0.2758489822208314
0.16472210351623684
0.2749792245860129
0.2522368777175975
0.14527821193433127
0.2702062569581068
0.2727272727272728
0.2714500212549065
0.2744956974587914
0.23914133210015517
0.2938871408749654
0.26214478489741977
0.31603360597625335
0.291544864884604
0.3565343182319128
0.29418788700741105
0.2727272727272725
0.09742825121948201
0.25662314052549307
0.2693775022784628
0.14574211127413608
0.28406138500866324
0.20074921533789603
0.2620591788393765
0.31007062870410534
0.2845808899620556
0.4267042717259004
0.28283916482787574
0.2565698657184594
0.26582199892490355
0.12643678160919658
0.2245287461928506
0.2615220076692206
0.27549052110320754
0.2727272727272727
0.28202618793101464
0.3022347487284566
0.2588958026941483
