0.7517142857142858
0.7613207547169811
0.759
0.7660377358490565
0.8630000000000001
0.889
0.8009999999999999
0.8839622641509435
0.7902857142857143
0.7342857142857142
0.7858490566037737
0.8566037735849058
0.7254716981132076
0.870754716981132
0.7745283018867924
0.7301886792452832
0.7735849056603772
0.85
0.7952830188679246
0.7571200000000001
0.7754716981132076
0.7849056603773584
0.7405660377358491
0.7773584905660378
0.7707547169811322
0.8433962264150943
0.8160377358490567
0.5519999999999999
0.8896226415094339
0.6879629629629629
