0.7518867924528302
0.7052857142857143
0.7745283018867924
0.7566037735849056
0.8018867924528301
0.7660377358490567
0.7528301886792453
0.835925925925926
0.8056603773584905
0.75248
0.8577600000000001
0.8113207547169811
0.7745283018867926
0.76384
0.7528301886792453
0.7801886792452829
0.7556603773584905
0.8028301886792454
0.8339622641509437
0.7575471698113206
0.7615714285714286
0.764
0.8056603773584907
0.7632075471698114
0.7669811320754718
0.76608
0.8959999999999999
0.7962264150943398
0.7764150943396226
0.768867924528302
