[221   2   2   4   5   2   2]
[130   1   2   1   2   1   2]
[623   0   5   5   5   4   4]
[605   0   5   5   2   1   1]
[585   0   5   4   3   1   1]
[362   0   3   5   3   3   1]
[208   1   2   4   2   4   4]
[201   0   2   4   1   2   1]
[277   0   3   2   1   3   1]
[81  1  1  4  2  2  2]
[83  2  1  4  2  4  1]
[10  2  1  1  3  1  1]
[558   0   5   3   2   4   1]
[534   1   5   2   2   5   2]
[170   2   2   2   5   1   2]
[191   2   2   3   4   2   2]
[603   0   5   5   1   4   1]
[619   0   5   5   4   5   4]
[458   0   4   4   2   4   1]
[473   2   4   4   5   4   1]
[567   0   5   3   4   3   2]
[468   1   4   4   4   4   4]
[513   2   5   1   3   4   1]
[132   2   2   1   2   3   1]
[81  1  1  4  2  2  2]
[288   2   3   2   3   4   1]
[559   0   5   3   2   5   1]
[439   2   4   3   3   5   2]
[500   0   5   1   1   1   1]
[190   0   2   3   4   1   2]
[32  2  1  2  2  3  2]
[220   0   2   4   5   1   2]
[528   0   5   2   1   4   1]
[554   0   5   3   1   5   1]
[282   1   3   2   2   3   4]
[181   0   2   3   2   2   1]
[252   1   3   1   1   3   2]
[143   2   2   1   4   4   1]
[327   0   3   4   1   3   1]
[313   2   3   3   3   4   2]
[58  2  1  3  2  4  2]
[457   0   4   4   2   3   1]
[362   0   3   5   3   3   1]
[487   0   4   5   3   3   1]
[74  2  1  3  5  5  1]
[1 2 1 1 1 2 1]
[481   0   4   5   2   2   1]
[31  2  1  2  2  2  1]
[138   2   2   1   3   4   1]
[417   2   4   2   4   3   1]
[178   0   2   3   1   4   1]
[278   0   3   2   1   4   1]
[81  1  1  4  2  2  2]
[210   0   2   4   3   1   1]
[52  1  1  3  1  3  1]
[334   0   3   4   2   5   1]
[122   2   1   5   5   3   1]
[17  2  1  1  4  3  1]
[229   0   2   5   1   5   1]
[265   2   3   1   4   1   1]
[75  0  1  4  1  1  1]
[618   0   5   5   4   4   1]
[571   0   5   3   5   2   2]
[452   0   4   4   1   3   1]
[505   0   5   1   2   1   1]
[558   0   5   3   2   4   1]
[488   0   4   5   3   4   1]
[214   2   2   4   3   5   1]
[365   0   3   5   4   1   1]
[347   2   3   4   5   3   4]
[493   0   4   5   4   4   2]
[513   2   5   1   3   4   1]
[81  1  1  4  2  2  2]
[252   1   3   1   1   3   2]
[434   0   4   3   2   5   2]
[150   0   2   2   1   1   1]
[487   0   4   5   3   3   1]
[370   0   3   5   5   1   1]
[126   1   2   1   1   2   2]
[467   0   4   4   4   3   2]
[241   0   2   5   4   2   2]
[129   2   2   1   1   5   1]
[619   0   5   5   4   5   4]
[53  2  1  3  1  4  1]
[88  2  1  4  3  4  1]
[615   0   5   5   4   1   1]
[578   0   5   4   1   4   1]
[338   1   3   4   3   4   2]
[511   2   5   1   3   2   2]
[346   0   3   4   5   2   1]
[469   2   4   4   4   5   4]
[612   0   5   5   3   3   1]
[262   2   3   1   3   3   4]
[373   2   3   5   5   4   1]
[260   1   3   1   3   1   2]
[128   2   2   1   1   4   1]
[598   1   5   4   5   4   1]
[586   0   5   4   3   2   1]
[382   2   4   1   2   3   1]
[280   0   3   2   2   1   1]
[99  2  1  4  5  5  1]
[246   1   2   5   5   2   1]
[188   2   2   3   3   4   1]
[407   0   4   2   2   3   2]
[178   0   2   3   1   4   1]
[529   0   5   2   1   5   2]
[164   2   2   2   3   5   1]
[145   2   2   1   5   1   1]
[190   0   2   3   4   1   2]
[286   1   3   2   3   2   2]
[112   2   1   5   3   3   1]
[547   2   5   2   5   3   1]
[351   0   3   5   1   2   1]
[243   2   2   5   4   4   1]
[541   0   5   2   4   2   4]
[575   0   5   4   1   1   1]
[482   0   4   5   2   3   1]
[541   0   5   2   4   2   4]
[285   0   3   2   3   1   1]
[567   0   5   3   4   3   2]
[149   2   2   1   5   5   1]
[153   1   2   2   1   4   4]
[131   2   2   1   2   2   4]
[385   0   4   1   3   1   2]
[349   2   3   4   5   5   1]
[421   2   4   2   5   2   2]
[78  1  1  4  1  4  4]
[441   0   4   3   4   2   2]
[621   0   5   5   5   2   1]
[455   0   4   4   2   1   1]
[617   0   5   5   4   3   1]
[333   0   3   4   2   4   1]
[308   0   3   3   2   4   1]
[488   0   4   5   3   4   1]
[326   0   3   4   1   2   1]
[372   1   3   5   5   3   1]
[77  0  1  4  1  3  1]
[438   1   4   3   3   4   2]
[571   0   5   3   5   2   2]
[331   0   3   4   2   2   1]
[58  2  1  3  2  4  2]
[110   0   1   5   3   1   2]
[507   2   5   1   2   3   2]
[81  1  1  4  2  2  2]
[548   2   5   2   5   4   1]
[256   2   3   1   2   2   2]
[66  2  1  3  4  2  1]
[415   0   4   2   4   1   1]
[46  2  1  2  5  2  1]
[138   2   2   1   3   4   1]
[190   0   2   3   4   1   2]
[377   0   4   1   1   3   2]
[458   0   4   4   2   4   1]
[364   1   3   5   3   5   4]
[437   0   4   3   3   3   2]
[576   0   5   4   1   2   1]
[409   2   4   2   2   5   1]
[439   2   4   3   3   5   2]
[385   0   4   1   3   1   2]
[280   0   3   2   2   1   1]
[321   2   3   3   5   2   2]
[104   1   1   5   1   5   2]
[359   0   3   5   2   5   2]
[116   2   1   5   4   2   1]
[417   2   4   2   4   3   1]
[395   2   4   1   5   1   2]
[153   1   2   2   1   4   4]
[439   2   4   3   3   5   2]
[172   2   2   2   5   3   1]
[14  2  1  1  3  5  1]
[589   0   5   4   3   5   1]
[507   2   5   1   2   3   2]
[12  2  1  1  3  3  1]
[539   2   5   2   3   5   1]
[153   1   2   2   1   4   4]
[204   0   2   4   1   5   1]
[212   2   2   4   3   3   2]
[378   1   4   1   1   4   1]
[608   0   5   5   2   4   1]
[375   0   4   1   1   1   1]
[372   1   3   5   5   3   1]
[584   0   5   4   2   5   1]
[619   0   5   5   4   5   4]
[54  2  1  3  1  5  1]
[142   2   2   1   4   3   1]
[32  2  1  2  2  3  2]
[212   2   2   4   3   3   2]
[312   1   3   3   3   3   4]
[17  2  1  1  4  3  1]
[547   2   5   2   5   3   1]
[525   0   5   2   1   1   1]
[475   0   4   5   1   1   1]
[618   0   5   5   4   4   1]
[254   2   3   1   1   5   2]
[528   0   5   2   1   4   1]
[624   1   5   5   5   5   2]
[103   0   1   5   1   4   2]
[246   1   2   5   5   2   1]
[342   1   3   4   4   3   2]
[389   2   4   1   3   5   1]
[439   2   4   3   3   5   2]
[23  2  1  1  5  4  1]
[121   2   1   5   5   2   2]
[293   2   3   2   4   4   1]
[450   0   4   4   1   1   1]
[332   0   3   4   2   3   1]
[533   0   5   2   2   4   2]
[131   2   2   1   2   2   4]
[19  2  1  1  4  5  1]
[109   2   1   5   2   5   1]
[178   0   2   3   1   4   1]
[268   2   3   1   4   4   1]
[158   2   2   2   2   4   1]
[26  1  1  2  1  2  1]
[227   0   2   5   1   3   1]
[433   0   4   3   2   4   1]
[537   0   5   2   3   3   1]
[20  2  1  1  5  1  1]
[255   0   3   1   2   1   1]
[457   0   4   4   2   3   1]
[47  2  1  2  5  3  1]
[55  0  1  3  2  1  1]
[53  2  1  3  1  4  1]
[484   0   4   5   2   5   1]
[282   1   3   2   2   3   4]
[514   2   5   1   3   5   1]
[205   0   2   4   2   1   1]
[204   0   2   4   1   5   1]
[385   0   4   1   3   1   2]
[214   2   2   4   3   5   1]
[530   0   5   2   2   1   1]
[464   0   4   4   3   5   1]
[209   2   2   4   2   5   1]
[593   0   5   4   4   4   2]
[31  2  1  2  2  2  1]
[220   0   2   4   5   1   2]
[523   2   5   1   5   4   1]
[1 2 1 1 1 2 1]
[513   2   5   1   3   4   1]
[203   0   2   4   1   4   1]
[438   1   4   3   3   4   2]
[390   1   4   1   4   1   1]
[106   0   1   5   2   2   2]
[555   0   5   3   2   1   1]
[259   2   3   1   2   5   1]
[120   1   1   5   5   1   4]
[146   2   2   1   5   2   1]
[262   2   3   1   3   3   4]
[242   2   2   5   4   3   1]
[27  2  1  2  1  3  1]
[400   0   4   2   1   1   1]
[334   0   3   4   2   5   1]
[123   2   1   5   5   4   1]
[594   1   5   4   4   5   1]
[275   0   3   2   1   1   1]
[30  1  1  2  2  1  1]
[231   0   2   5   2   2   1]
[441   0   4   3   4   2   2]
[303   0   3   3   1   4   1]
[34  2  1  2  2  5  1]
[324   2   3   3   5   5   1]
[579   0   5   4   1   5   1]
[139   2   2   1   3   5   1]
[313   2   3   3   3   4   2]
[267   2   3   1   4   3   1]
[30  1  1  2  2  1  1]
[604   0   5   5   1   5   1]
[131   2   2   1   2   2   4]
[37  2  1  2  3  3  1]
[419   2   4   2   4   5   1]
[311   0   3   3   3   2   1]
[316   0   3   3   4   2   2]
[398   2   4   1   5   4   1]
[468   1   4   4   4   4   4]
[138   2   2   1   3   4   1]
[160   0   2   2   3   1   2]
[531   0   5   2   2   2   1]
[41  2  1  2  4  2  1]
[121   2   1   5   5   2   2]
[448   2   4   3   5   4   1]
[308   0   3   3   2   4   1]
[576   0   5   4   1   2   1]
[207   0   2   4   2   3   2]
[359   0   3   5   2   5   2]
[436   0   4   3   3   2   1]
[327   0   3   4   1   3   1]
[498   1   4   5   5   4   2]
[206   0   2   4   2   2   2]
[608   0   5   5   2   4   1]
[516   2   5   1   4   2   1]
[115   0   1   5   4   1   2]
[347   2   3   4   5   3   4]
[7 2 1 1 2 3 1]
[391   2   4   1   4   2   1]
[251   0   3   1   1   2   2]
[587   0   5   4   3   3   1]
[142   2   2   1   4   3   1]
[610   0   5   5   3   1   1]
[90  1  1  4  4  1  2]
[139   2   2   1   3   5   1]
[125   0   2   1   1   1   2]
[468   1   4   4   4   4   4]
[3 2 1 1 1 4 1]
[529   0   5   2   1   5   2]
[149   2   2   1   5   5   1]
[493   0   4   5   4   4   2]
[602   0   5   5   1   3   1]
[113   2   1   5   3   4   1]
[583   0   5   4   2   4   1]
[20  2  1  1  5  1  1]
[153   1   2   2   1   4   4]
[92  2  1  4  4  3  1]
[101   0   1   5   1   2   1]
[191   2   2   3   4   2   2]
[16  2  1  1  4  2  1]
[91  2  1  4  4  2  1]
[93  2  1  4  4  4  1]
[148   2   2   1   5   4   1]
[126   1   2   1   1   2   2]
[428   0   4   3   1   4   1]
[580   0   5   4   2   1   1]
[481   0   4   5   2   2   1]
[92  2  1  4  4  3  1]
[272   2   3   1   5   3   1]
[312   1   3   3   3   3   4]
[206   0   2   4   2   2   2]
[474   2   4   4   5   5   1]
[53  2  1  3  1  4  1]
[67  2  1  3  4  3  1]
[479   0   4   5   1   5   1]
[262   2   3   1   3   3   4]
[260   1   3   1   3   1   2]
[515   0   5   1   4   1   2]
[68  2  1  3  4  4  1]
[372   1   3   5   5   3   1]
[571   0   5   3   5   2   2]
[474   2   4   4   5   5   1]
[11  2  1  1  3  2  1]
[121   2   1   5   5   2   2]
[361   0   3   5   3   2   1]
[371   0   3   5   5   2   1]
[209   2   2   4   2   5   1]
[220   0   2   4   5   1   2]
[212   2   2   4   3   3   2]
[46  2  1  2  5  2  1]
[128   2   2   1   1   4   1]
[557   0   5   3   2   3   1]
[499   2   4   5   5   5   1]
[488   0   4   5   3   4   1]
[528   0   5   2   1   4   1]
[374   2   3   5   5   5   1]
[451   0   4   4   1   2   1]
[510   0   5   1   3   1   1]
[173   2   2   2   5   4   1]
[408   1   4   2   2   4   1]
[503   0   5   1   1   4   1]
[575   0   5   4   1   1   1]
[561   0   5   3   3   2   1]
[124   2   1   5   5   5   1]
[165   1   2   2   4   1   2]
[337   0   3   4   3   3   2]
[59  2  1  3  2  5  1]
[128   2   2   1   1   4   1]
[541   0   5   2   4   2   4]
[156   1   2   2   2   2   4]
[231   0   2   5   2   2   1]
[212   2   2   4   3   3   2]
[40  2  1  2  4  1  1]
[170   2   2   2   5   1   2]
[101   0   1   5   1   2   1]
[538   2   5   2   3   4   1]
[617   0   5   5   4   3   1]
[105   0   1   5   2   1   1]
[20  2  1  1  5  1  1]
[388   2   4   1   3   4   1]
[109   2   1   5   2   5   1]
[156   1   2   2   2   2   4]
[494   1   4   5   4   5   2]
[344   2   3   4   4   5   1]
[354   0   3   5   1   5   1]
[233   0   2   5   2   4   1]
[305   0   3   3   2   1   1]
[56  2  1  3  2  2  1]
[15  2  1  1  4  1  1]
[503   0   5   1   1   4   1]
[138   2   2   1   3   4   1]
[154   2   2   2   1   5   2]
[548   2   5   2   5   4   1]
[525   0   5   2   1   1   1]
[135   2   2   1   3   1   2]
[469   2   4   4   4   5   4]
[333   0   3   4   2   4   1]
[241   0   2   5   4   2   2]
[447   2   4   3   5   3   2]
[344   2   3   4   4   5   1]
[308   0   3   3   2   4   1]
[420   0   4   2   5   1   2]
[537   0   5   2   3   3   1]
[141   2   2   1   4   2   1]
[325   0   3   4   1   1   1]
[431   0   4   3   2   2   1]
[280   0   3   2   2   1   1]
[425   0   4   3   1   1   1]
[175   0   2   3   1   1   1]
[91  2  1  4  4  2  1]
[91  2  1  4  4  2  1]
[559   0   5   3   2   5   1]
[49  2  1  2  5  5  1]
[203   0   2   4   1   4   1]
[332   0   3   4   2   3   1]
[427   0   4   3   1   3   1]
[542   2   5   2   4   3   1]
[194   2   2   3   4   5   1]
[540   0   5   2   4   1   1]
[56  2  1  3  2  2  1]
[598   1   5   4   5   4   1]
[447   2   4   3   5   3   2]
[448   2   4   3   5   4   1]
[38  2  1  2  3  4  1]
[465   0   4   4   4   1   1]
[550   0   5   3   1   1   1]
[225   0   2   5   1   1   1]
[52  1  1  3  1  3  1]
[417   2   4   2   4   3   1]
[115   0   1   5   4   1   2]
[66  2  1  3  4  2  1]
[282   1   3   2   2   3   4]
[8 2 1 1 2 4 1]
[190   0   2   3   4   1   2]
[169   2   2   2   4   5   1]
[180   0   2   3   2   1   1]
[253   2   3   1   1   4   1]
[336   0   3   4   3   2   1]
[200   0   2   4   1   1   1]
[54  2  1  3  1  5  1]
[575   0   5   4   1   1   1]
[158   2   2   2   2   4   1]
[247   2   2   5   5   3   2]
[212   2   2   4   3   3   2]
[459   0   4   4   2   5   1]
[619   0   5   5   4   5   4]
[221   2   2   4   5   2   2]
[79  2  1  4  1  5  4]
[222   2   2   4   5   3   1]
[35  2  1  2  3  1  2]
[478   0   4   5   1   4   1]
[5 2 1 1 2 1 2]
[86  2  1  4  3  2  2]
[377   0   4   1   1   3   2]
[367   0   3   5   4   3   1]
[103   0   1   5   1   4   2]
[474   2   4   4   5   5   1]
[334   0   3   4   2   5   1]
[559   0   5   3   2   5   1]
[417   2   4   2   4   3   1]
[267   2   3   1   4   3   1]
[189   2   2   3   3   5   1]
[140   2   2   1   4   1   1]
[42  2  1  2  4  3  1]
[298   2   3   2   5   4   1]
[504   1   5   1   1   5   4]
[8 2 1 1 2 4 1]
[534   1   5   2   2   5   2]
[456   0   4   4   2   2   1]
[166   2   2   2   4   2   1]
[520   1   5   1   5   1   2]
[312   1   3   3   3   3   4]
[102   0   1   5   1   3   2]
[531   0   5   2   2   2   1]
[250   0   3   1   1   1   1]
[107   2   1   5   2   3   1]
[468   1   4   4   4   4   4]
[624   1   5   5   5   5   2]
[265   2   3   1   4   1   1]
[162   2   2   2   3   3   1]
[5 2 1 1 2 1 2]
[116   2   1   5   4   2   1]
[120   1   1   5   5   1   4]
[406   0   4   2   2   2   1]
[352   0   3   5   1   3   1]
[312   1   3   3   3   3   4]
[395   2   4   1   5   1   2]
[621   0   5   5   5   2   1]
[534   1   5   2   2   5   2]
[119   2   1   5   4   5   1]
[271   2   3   1   5   2   1]
[254   2   3   1   1   5   2]
[431   0   4   3   2   2   1]
[563   0   5   3   3   4   1]
[120   1   1   5   5   1   4]
[22  2  1  1  5  3  1]
[384   2   4   1   2   5   1]
[205   0   2   4   2   1   1]
[427   0   4   3   1   3   1]
[263   2   3   1   3   4   1]
[375   0   4   1   1   1   1]
[75  0  1  4  1  1  1]
[124   2   1   5   5   5   1]
[560   0   5   3   3   1   1]
[482   0   4   5   2   3   1]
[350   0   3   5   1   1   1]
[515   0   5   1   4   1   2]
[64  2  1  3  3  5  1]
[74  2  1  3  5  5  1]
[402   0   4   2   1   3   1]
[186   1   2   3   3   2   2]
[506   0   5   1   2   2   2]
[496   0   4   5   5   2   1]
[36  2  1  2  3  2  1]
[75  0  1  4  1  1  1]
[451   0   4   4   1   2   1]
[323   2   3   3   5   4   1]
[324   2   3   3   5   5   1]
[128   2   2   1   1   4   1]
[115   0   1   5   4   1   2]
[359   0   3   5   2   5   2]
[274   2   3   1   5   5   1]
[115   0   1   5   4   1   2]
[29  2  1  2  1  5  1]
[312   1   3   3   3   3   4]
[560   0   5   3   3   1   1]
[285   0   3   2   3   1   1]
[258   2   3   1   2   4   1]
[208   1   2   4   2   4   4]
[304   0   3   3   1   5   1]
[255   0   3   1   2   1   1]
[131   2   2   1   2   2   4]
[41  2  1  2  4  2  1]
[347   2   3   4   5   3   4]
[267   2   3   1   4   3   1]
[241   0   2   5   4   2   2]
[446   0   4   3   5   2   1]
[377   0   4   1   1   3   2]
[406   0   4   2   2   2   1]
[154   2   2   2   1   5   2]
[378   1   4   1   1   4   1]
[80  0  1  4  2  1  1]
[114   2   1   5   3   5   1]
[212   2   2   4   3   3   2]
[322   2   3   3   5   3   1]
[208   1   2   4   2   4   4]
[261   2   3   1   3   2   2]
[211   0   2   4   3   2   2]
[371   0   3   5   5   2   1]
[344   2   3   4   4   5   1]
[106   0   1   5   2   2   2]
[556   0   5   3   2   2   1]
[467   0   4   4   4   3   2]
[196   2   2   3   5   2   1]
[218   2   2   4   4   4   1]
[444   2   4   3   4   5   1]
[181   0   2   3   2   2   1]
[335   0   3   4   3   1   1]
[407   0   4   2   2   3   2]
[273   2   3   1   5   4   1]
[154   2   2   2   1   5   2]
[530   0   5   2   2   1   1]
[115   0   1   5   4   1   2]
[260   1   3   1   3   1   2]
[460   0   4   4   3   1   1]
[11  2  1  1  3  2  1]
[110   0   1   5   3   1   2]
[135   2   2   1   3   1   2]
[190   0   2   3   4   1   2]
[503   0   5   1   1   4   1]
[153   1   2   2   1   4   4]
[391   2   4   1   4   2   1]
[271   2   3   1   5   2   1]
[117   2   1   5   4   3   1]
[198   2   2   3   5   4   1]
[162   2   2   2   3   3   1]
[398   2   4   1   5   4   1]
[359   0   3   5   2   5   2]
[44  2  1  2  4  5  1]
[262   2   3   1   3   3   4]
[537   0   5   2   3   3   1]
[503   0   5   1   1   4   1]
[216   1   2   4   4   2   2]
[325   0   3   4   1   1   1]
[600   0   5   5   1   1   1]
[306   0   3   3   2   2   1]
[311   0   3   3   3   2   1]
[477   0   4   5   1   3   1]
[48  2  1  2  5  4  1]
[520   1   5   1   5   1   2]
[478   0   4   5   1   4   1]
[127   2   2   1   1   3   2]
[206   0   2   4   2   2   2]
[127   2   2   1   1   3   2]
[27  2  1  2  1  3  1]
[567   0   5   3   4   3   2]
[564   1   5   3   3   5   1]
[306   0   3   3   2   2   1]
[114   2   1   5   3   5   1]
[346   0   3   4   5   2   1]
[160   0   2   2   3   1   2]
[141   2   2   1   4   2   1]
[304   0   3   3   1   5   1]
[565   0   5   3   4   1   1]
[53  2  1  3  1  4  1]
[232   0   2   5   2   3   1]
[262   2   3   1   3   3   4]
[484   0   4   5   2   5   1]
[401   0   4   2   1   2   1]
[356   0   3   5   2   2   1]
[416   1   4   2   4   2   2]
[442   1   4   3   4   3   2]
[469   2   4   4   4   5   4]
[154   2   2   2   1   5   2]
[340   0   3   4   4   1   1]
[221   2   2   4   5   2   2]
[435   0   4   3   3   1   1]
[234   1   2   5   2   5   2]
[21  2  1  1  5  2  1]
[504   1   5   1   1   5   4]
[526   0   5   2   1   2   1]
[575   0   5   4   1   1   1]
[324   2   3   3   5   5   1]
[71  2  1  3  5  2  1]
[313   2   3   3   3   4   2]
[568   2   5   3   4   4   1]
[313   2   3   3   3   4   2]
[319   2   3   3   4   5   1]
[541   0   5   2   4   2   4]
[323   2   3   3   5   4   1]
