[449   2   4   3   5   5   1]
[81  1  1  4  2  2  8]
[363   0   3   5   3   4   4]
[30  1  1  2  2  1  4]
[306   0   3   3   2   2   1]
[430   0   4   3   2   1   1]
[195   0   2   3   5   1  32]
[421   2   4   2   5   2   8]
[447   2   4   3   5   3   8]
[597   0   5   4   5   3   1]
[56  2  1  3  2  2  8]
[380   0   4   1   2   1   1]
[30  1  1  2  2  1  4]
[234   1   2   5   2   5   8]
[316   0   3   3   4   2   8]
[515   0   5   1   4   1  16]
[553   0   5   3   1   4   1]
[415   0   4   2   4   1   4]
[30  1  1  2  2  1  4]
[624   1   5   5   5   5   8]
[26  1  1  2  1  2 16]
[375   0   4   1   1   1   1]
[598   1   5   4   5   4   4]
[569   2   5   3   4   5   8]
[260   1   3   1   3   1   8]
[182   1   2   3   2   3   4]
[314   2   3   3   3   5   1]
[106   0   1   5   2   2   8]
[390   1   4   1   4   1   8]
[129   2   2   1   1   5   1]
[515   0   5   1   4   1  16]
[189   2   2   3   3   5   1]
[29  2  1  2  1  5  1]
[56  2  1  3  2  2  8]
[442   1   4   3   4   3  16]
[127   2   2   1   1   3   8]
[504   1   5   1   1   5   8]
[279   0   3   2   1   5   1]
[420   0   4   2   5   1   8]
[469   2   4   4   4   5   8]
[385   0   4   1   3   1   2]
[90  1  1  4  4  1  8]
[548   2   5   2   5   4   1]
[208   1   2   4   2   4   8]
[107   2   1   5   2   3   8]
[489   0   4   5   3   5   2]
[190   0   2   3   4   1   2]
[131   2   2   1   2   2  16]
[589   0   5   4   3   5   8]
[282   1   3   2   2   3   4]
[563   0   5   3   3   4   2]
[209   2   2   4   2   5   2]
[253   2   3   1   1   4   8]
[28  2  1  2  1  4  8]
[594   1   5   4   4   5   8]
[142   2   2   1   4   3   1]
[172   2   2   2   5   3   1]
[379   2   4   1   1   5   8]
[283   2   3   2   2   4   4]
[534   1   5   2   2   5   8]
[437   0   4   3   3   3   8]
[395   2   4   1   5   1   4]
[624   1   5   5   5   5   8]
[28  2  1  2  1  4  8]
[469   2   4   4   4   5   8]
[504   1   5   1   1   5   8]
[78  1  1  4  1  4 32]
[447   2   4   3   5   3   8]
[363   0   3   5   3   4   4]
[283   2   3   2   2   4   4]
[130   1   2   1   2   1  16]
[165   1   2   2   4   1   8]
[438   1   4   3   3   4   8]
[231   0   2   5   2   2   1]
[10  2  1  1  3  1  1]
[499   2   4   5   5   5   8]
[421   2   4   2   5   2   8]
[78  1  1  4  1  4 32]
[35  2  1  2  3  1 16]
[260   1   3   1   3   1   8]
[480   0   4   5   2   1   1]
[131   2   2   1   2   2  16]
[195   0   2   3   5   1  32]
[284   2   3   2   2   5   2]
[586   0   5   4   3   2   1]
[79  2  1  4  1  5  8]
[542   2   5   2   4   3   2]
[104   1   1   5   1   5   8]
[437   0   4   3   3   3   8]
[624   1   5   5   5   5   8]
[562   0   5   3   3   3   1]
[340   0   3   4   4   1   1]
[483   0   4   5   2   4   1]
[50  0  1  3  1  1  1]
[486   0   4   5   3   2   1]
[14  2  1  1  3  5  1]
[295   0   3   2   5   1   1]
[56  2  1  3  2  2  8]
[565   0   5   3   4   1   1]
[195   0   2   3   5   1  32]
[437   0   4   3   3   3   8]
[592   0   5   4   4   3   1]
[126   1   2   1   1   2   8]
[408   1   4   2   2   4   8]
[363   0   3   5   3   4   4]
[255   0   3   1   2   1   8]
[541   0   5   2   4   2   8]
[120   1   1   5   5   1  16]
[56  2  1  3  2  2  8]
[421   2   4   2   5   2   8]
[65  2  1  3  4  1  4]
[582   0   5   4   2   3   1]
[241   0   2   5   4   2   4]
[529   0   5   2   1   5   4]
[340   0   3   4   4   1   1]
[567   0   5   3   4   3   4]
[489   0   4   5   3   5   2]
[437   0   4   3   3   3   8]
[557   0   5   3   2   3   1]
[417   2   4   2   4   3   2]
[313   2   3   3   3   4   8]
[468   1   4   4   4   4   8]
[437   0   4   3   3   3   8]
[483   0   4   5   2   4   1]
[463   0   4   4   3   4   2]
[119   2   1   5   4   5   1]
[490   0   4   5   4   1   1]
[534   1   5   2   2   5   8]
[384   2   4   1   2   5   1]
[421   2   4   2   5   2   8]
[497   0   4   5   5   3   1]
[166   2   2   2   4   2   2]
[307   0   3   3   2   3   8]
[565   0   5   3   4   1   1]
[248   2   2   5   5   4   1]
[347   2   3   4   5   3   8]
[416   1   4   2   4   2   8]
[289   2   3   2   3   5   1]
[60  1  1  3  3  1  4]
[492   0   4   5   4   3   1]
[352   0   3   5   1   3   1]
[48  2  1  2  5  4  1]
[54  2  1  3  1  5  1]
[370   0   3   5   5   1   2]
[18  2  1  1  4  4  1]
[78  1  1  4  1  4 32]
[11  2  1  1  3  2  1]
[252   1   3   1   1   3   8]
[252   1   3   1   1   3   8]
[269   2   3   1   4   5   1]
[261   2   3   1   3   2   2]
[128   2   2   1   1   4   2]
[533   0   5   2   2   4   8]
[78  1  1  4  1  4 32]
[507   2   5   1   2   3  16]
[163   2   2   2   3   4   1]
[511   2   5   1   3   2   8]
[155   0   2   2   2   1   4]
[121   2   1   5   5   2   2]
[60  1  1  3  3  1  4]
[511   2   5   1   3   2   8]
[372   1   3   5   5   3   1]
[233   0   2   5   2   4   4]
[499   2   4   5   5   5   8]
[492   0   4   5   4   3   1]
[393   2   4   1   4   4   1]
[14  2  1  1  3  5  1]
[281   0   3   2   2   2   8]
[439   2   4   3   3   5   8]
[519   2   5   1   4   5   1]
[140   2   2   1   4   1   1]
[60  1  1  3  3  1  4]
[150   0   2   2   1   1   1]
[131   2   2   1   2   2  16]
[499   2   4   5   5   5   8]
[569   2   5   3   4   5   8]
[64  2  1  3  3  5  1]
[195   0   2   3   5   1  32]
[56  2  1  3  2  2  8]
[81  1  1  4  2  2  8]
[534   1   5   2   2   5   8]
[416   1   4   2   4   2   8]
[281   0   3   2   2   2   8]
[317   2   3   3   4   3   2]
[171   2   2   2   5   2   1]
[322   2   3   3   5   3   1]
[120   1   1   5   5   1  16]
[395   2   4   1   5   1   4]
[154   2   2   2   1   5   4]
[3 2 1 1 1 4 1]
[531   0   5   2   2   2   1]
[411   0   4   2   3   2   8]
[439   2   4   3   3   5   8]
[28  2  1  2  1  4  8]
[77  0  1  4  1  3  8]
[589   0   5   4   3   5   8]
[566   0   5   3   4   2   1]
[90  1  1  4  4  1  8]
[131   2   2   1   2   2  16]
[444   2   4   3   4   5   1]
[499   2   4   5   5   5   8]
[456   0   4   4   2   2   1]
[93  2  1  4  4  4  1]
[309   2   3   3   2   5   2]
[606   0   5   5   2   2   1]
[246   1   2   5   5   2  16]
[569   2   5   3   4   5   8]
[246   1   2   5   5   2  16]
[428   0   4   3   1   4   1]
[130   1   2   1   2   1  16]
[195   0   2   3   5   1  32]
[208   1   2   4   2   4   8]
[211   0   2   4   3   2   8]
[313   2   3   3   3   4   8]
[511   2   5   1   3   2   8]
[274   2   3   1   5   5   1]
[569   2   5   3   4   5   8]
[113   2   1   5   3   4   1]
[74  2  1  3  5  5  1]
[79  2  1  4  1  5  8]
[138   2   2   1   3   4   1]
[266   2   3   1   4   2   1]
[309   2   3   3   2   5   2]
[183   2   2   3   2   4   4]
[420   0   4   2   5   1   8]
[287   2   3   2   3   3   1]
[283   2   3   2   2   4   4]
[83  2  1  4  2  4  4]
[157   2   2   2   2   3   4]
[347   2   3   4   5   3   8]
[125   0   2   1   1   1   8]
[153   1   2   2   1   4   8]
[104   1   1   5   1   5   8]
[35  2  1  2  3  1 16]
[386   2   4   1   3   2   2]
[338   1   3   4   3   4   4]
[169   2   2   2   4   5   1]
[221   2   2   4   5   2   4]
[262   2   3   1   3   3   4]
[287   2   3   2   3   3   1]
[511   2   5   1   3   2   8]
[231   0   2   5   2   2   1]
[260   1   3   1   3   1   8]
[56  2  1  3  2  2  8]
[156   1   2   2   2   2   8]
[504   1   5   1   1   5   8]
[165   1   2   2   4   1   8]
[120   1   1   5   5   1  16]
[35  2  1  2  3  1 16]
[45  2  1  2  5  1  1]
[186   1   2   3   3   2   8]
[594   1   5   4   4   5   8]
[202   0   2   4   1   3   1]
[125   0   2   1   1   1   8]
[239   2   2   5   3   5   1]
[490   0   4   5   4   1   1]
[307   0   3   3   2   3   8]
[124   2   1   5   5   5   1]
[28  2  1  2  1  4  8]
[547   2   5   2   5   3   1]
[511   2   5   1   3   2   8]
[56  2  1  3  2  2  8]
[103   0   1   5   1   4   8]
[221   2   2   4   5   2   4]
[166   2   2   2   4   2   2]
[160   0   2   2   3   1   8]
[207   0   2   4   2   3   2]
[190   0   2   3   4   1   2]
[416   1   4   2   4   2   8]
[45  2  1  2  5  1  1]
[161   2   2   2   3   2   4]
[420   0   4   2   5   1   8]
[437   0   4   3   3   3   8]
[309   2   3   3   2   5   2]
[28  2  1  2  1  4  8]
[406   0   4   2   2   2   1]
[265   2   3   1   4   1   2]
[91  2  1  4  4  2  4]
[509   2   5   1   2   5   1]
[534   1   5   2   2   5   8]
[321   2   3   3   5   2   8]
[615   0   5   5   4   1   1]
[442   1   4   3   4   3  16]
[321   2   3   3   5   2   8]
[78  1  1  4  1  4 32]
[598   1   5   4   5   4   4]
[412   2   4   2   3   3   2]
[416   1   4   2   4   2   8]
[538   2   5   2   3   4   1]
[254   2   3   1   1   5   2]
[339   2   3   4   3   5   2]
[439   2   4   3   3   5   8]
[164   2   2   2   3   5   1]
[573   2   5   3   5   4   8]
[528   0   5   2   1   4   1]
[195   0   2   3   5   1  32]
[312   1   3   3   3   3   8]
[399   2   4   1   5   5   1]
[523   2   5   1   5   4   1]
[131   2   2   1   2   2  16]
[424   2   4   2   5   5   1]
[612   0   5   5   3   3   1]
[216   1   2   4   4   2   8]
[476   0   4   5   1   2   1]
[541   0   5   2   4   2   8]
[359   0   3   5   2   5   4]
[235   0   2   5   3   1   1]
[547   2   5   2   5   3   1]
[139   2   2   1   3   5   1]
[95  2  1  4  5  1  4]
[148   2   2   1   5   4   1]
[113   2   1   5   3   4   1]
[25  0  1  2  1  1  8]
[478   0   4   5   1   4   1]
[546   1   5   2   5   2   4]
[313   2   3   3   3   4   8]
[184   2   2   3   2   5   2]
[467   0   4   4   4   3   8]
[5 2 1 1 2 1 8]
[135   2   2   1   3   1   8]
[132   2   2   1   2   3   1]
[611   0   5   5   3   2   1]
[312   1   3   3   3   3   8]
[390   1   4   1   4   1   8]
[556   0   5   3   2   2   1]
[160   0   2   2   3   1   8]
[157   2   2   2   2   3   4]
[308   0   3   3   2   4   2]
[569   2   5   3   4   5   8]
[4 2 1 1 1 5 1]
[548   2   5   2   5   4   1]
[253   2   3   1   1   4   8]
[340   0   3   4   4   1   1]
[515   0   5   1   4   1  16]
[172   2   2   2   5   3   1]
[78  1  1  4  1  4 32]
[195   0   2   3   5   1  32]
[246   1   2   5   5   2  16]
[507   2   5   1   2   3  16]
[611   0   5   5   3   2   1]
[35  2  1  2  3  1 16]
[447   2   4   3   5   3   8]
[218   2   2   4   4   4   1]
[589   0   5   4   3   5   8]
[205   0   2   4   2   1   1]
[283   2   3   2   2   4   4]
[390   1   4   1   4   1   8]
[278   0   3   2   1   4   1]
[561   0   5   3   3   2   1]
[124   2   1   5   5   5   1]
[216   1   2   4   4   2   8]
[38  2  1  2  3  4  1]
[103   0   1   5   1   4   8]
[377   0   4   1   1   3   4]
[286   1   3   2   3   2   2]
[78  1  1  4  1  4 32]
[464   0   4   4   3   5   2]
[371   0   3   5   5   2   4]
[316   0   3   3   4   2   8]
[195   0   2   3   5   1  32]
[108   2   1   5   2   4   1]
[583   0   5   4   2   4   1]
[320   0   3   3   5   1   2]
[376   0   4   1   1   2   1]
[62  2  1  3  3  3  1]
[370   0   3   5   5   1   2]
[151   0   2   2   1   2   4]
[116   2   1   5   4   2   1]
[469   2   4   4   4   5   8]
[404   0   4   2   1   5   2]
[221   2   2   4   5   2   4]
[394   2   4   1   4   5   1]
[195   0   2   3   5   1  32]
[195   0   2   3   5   1  32]
[78  1  1  4  1  4 32]
[191   2   2   3   4   2   4]
[507   2   5   1   2   3  16]
[175   0   2   3   1   1   1]
[65  2  1  3  4  1  4]
[448   2   4   3   5   4   1]
[207   0   2   4   2   3   2]
[473   2   4   4   5   4   2]
[499   2   4   5   5   5   8]
[442   1   4   3   4   3  16]
[36  2  1  2  3  2  1]
[162   2   2   2   3   3   1]
[459   0   4   4   2   5   1]
[327   0   3   4   1   3   1]
[104   1   1   5   1   5   8]
[420   0   4   2   5   1   8]
[446   0   4   3   5   2   4]
[460   0   4   4   3   1   1]
[177   0   2   3   1   3   2]
[521   2   5   1   5   2   1]
[103   0   1   5   1   4   8]
[507   2   5   1   2   3  16]
[179   0   2   3   1   5   1]
[417   2   4   2   4   3   2]
[527   0   5   2   1   3   1]
[156   1   2   2   2   2   8]
[170   2   2   2   5   1   4]
[128   2   2   1   1   4   2]
[195   0   2   3   5   1  32]
[594   1   5   4   4   5   8]
[359   0   3   5   2   5   4]
[115   0   1   5   4   1   8]
[28  2  1  2  1  4  8]
[217   2   2   4   4   3   1]
[285   0   3   2   3   1   1]
[195   0   2   3   5   1  32]
[379   2   4   1   1   5   8]
[229   0   2   5   1   5   1]
[467   0   4   4   4   3   8]
[78  1  1  4  1  4 32]
[544   2   5   2   4   5   1]
[260   1   3   1   3   1   8]
[264   2   3   1   3   5   1]
[437   0   4   3   3   3   8]
[78  1  1  4  1  4 32]
[371   0   3   5   5   2   4]
[104   1   1   5   1   5   8]
[138   2   2   1   3   4   1]
[439   2   4   3   3   5   8]
[156   1   2   2   2   2   8]
[494   1   4   5   4   5   4]
[81  1  1  4  2  2  8]
[62  2  1  3  3  3  1]
[533   0   5   2   2   4   8]
[619   0   5   5   4   5   8]
[533   0   5   2   2   4   8]
[479   0   4   5   1   5   1]
[92  2  1  4  4  3  1]
[303   0   3   3   1   4   1]
[246   1   2   5   5   2  16]
[390   1   4   1   4   1   8]
[459   0   4   4   2   5   1]
[292   2   3   2   4   3   1]
[169   2   2   2   4   5   1]
[427   0   4   3   1   3   1]
[251   0   3   1   1   2   8]
[131   2   2   1   2   2  16]
[181   0   2   3   2   2   8]
[321   2   3   3   5   2   8]
[338   1   3   4   3   4   4]
[240   0   2   5   4   1   1]
[234   1   2   5   2   5   8]
[107   2   1   5   2   3   8]
[325   0   3   4   1   1   1]
[421   2   4   2   5   2   8]
[348   2   3   4   5   4   1]
[350   0   3   5   1   1   1]
[260   1   3   1   3   1   8]
[86  2  1  4  3  2  4]
[513   2   5   1   3   4   2]
[589   0   5   4   3   5   8]
[81  1  1  4  2  2  8]
[589   0   5   4   3   5   8]
[100   0   1   5   1   1   1]
[619   0   5   5   4   5   8]
[211   0   2   4   3   2   8]
[408   1   4   2   2   4   8]
[281   0   3   2   2   2   8]
[515   0   5   1   4   1  16]
[195   0   2   3   5   1  32]
[191   2   2   3   4   2   4]
[390   1   4   1   4   1   8]
[594   1   5   4   4   5   8]
[253   2   3   1   1   4   8]
[7 2 1 1 2 3 2]
[499   2   4   5   5   5   8]
[241   0   2   5   4   2   4]
[547   2   5   2   5   3   1]
[312   1   3   3   3   3   8]
[624   1   5   5   5   5   8]
[0 1 1 1 1 1 8]
[131   2   2   1   2   2  16]
[406   0   4   2   2   2   1]
[91  2  1  4  4  2  4]
[95  2  1  4  5  1  4]
[211   0   2   4   3   2   8]
[576   0   5   4   1   2   1]
[587   0   5   4   3   3   1]
[111   2   1   5   3   2   1]
[363   0   3   5   3   4   4]
[253   2   3   1   1   4   8]
[620   0   5   5   5   1   1]
[507   2   5   1   2   3  16]
[377   0   4   1   1   3   4]
[86  2  1  4  3  2  4]
[246   1   2   5   5   2  16]
[395   2   4   1   5   1   4]
[51  0  1  3  1  2  1]
[160   0   2   2   3   1   8]
[37  2  1  2  3  3  1]
[337   0   3   4   3   3   8]
[289   2   3   2   3   5   1]
[182   1   2   3   2   3   4]
[446   0   4   3   5   2   4]
[469   2   4   4   4   5   8]
[78  1  1  4  1  4 32]
[504   1   5   1   1   5   8]
[442   1   4   3   4   3  16]
[618   0   5   5   4   4   1]
[211   0   2   4   3   2   8]
[35  2  1  2  3  1 16]
[115   0   1   5   4   1   8]
[420   0   4   2   5   1   8]
[253   2   3   1   1   4   8]
[106   0   1   5   2   2   8]
[515   0   5   1   4   1  16]
[379   2   4   1   1   5   8]
[161   2   2   2   3   2   4]
[81  1  1  4  2  2  8]
[181   0   2   3   2   2   8]
[26  1  1  2  1  2 16]
[511   2   5   1   3   2   8]
[311   0   3   3   3   2   1]
[312   1   3   3   3   3   8]
[347   2   3   4   5   3   8]
[420   0   4   2   5   1   8]
[135   2   2   1   3   1   8]
[415   0   4   2   4   1   4]
[460   0   4   4   3   1   1]
[160   0   2   2   3   1   8]
[447   2   4   3   5   3   8]
[262   2   3   1   3   3   4]
[246   1   2   5   5   2  16]
[282   1   3   2   2   3   4]
[183   2   2   3   2   4   4]
[82  2  1  4  2  3  2]
[78  1  1  4  1  4 32]
[56  2  1  3  2  2  8]
[29  2  1  2  1  5  1]
[606   0   5   5   2   2   1]
[66  2  1  3  4  2  1]
[151   0   2   2   1   2   4]
[355   0   3   5   2   1   1]
[597   0   5   4   5   3   1]
[408   1   4   2   2   4   8]
[396   2   4   1   5   2   1]
[528   0   5   2   1   4   1]
[43  2  1  2  4  4  1]
[299   2   3   2   5   5   1]
[502   0   5   1   1   3   2]
[533   0   5   2   2   4   8]
[624   1   5   5   5   5   8]
[181   0   2   3   2   2   8]
[438   1   4   3   3   4   8]
[178   0   2   3   1   4   1]
[467   0   4   4   4   3   8]
[373   2   3   5   5   4   2]
[120   1   1   5   5   1  16]
[555   0   5   3   2   1   1]
[589   0   5   4   3   5   8]
[468   1   4   4   4   4   8]
[34  2  1  2  2  5  1]
[344   2   3   4   4   5   1]
[381   1   4   1   2   2   4]
[85  0  1  4  3  1  4]
[120   1   1   5   5   1  16]
[233   0   2   5   2   4   4]
[515   0   5   1   4   1  16]
[225   0   2   5   1   1   1]
[134   2   2   1   2   5   1]
[510   0   5   1   3   1   2]
[130   1   2   1   2   1  16]
[374   2   3   5   5   5   1]
[386   2   4   1   3   2   2]
[10  2  1  1  3  1  1]
[564   1   5   3   3   5   8]
[130   1   2   1   2   1  16]
[459   0   4   4   2   5   1]
[25  0  1  2  1  1  8]
[589   0   5   4   3   5   8]
[262   2   3   1   3   3   4]
[94  2  1  4  4  5  1]
[408   1   4   2   2   4   8]
[382   2   4   1   2   3   2]
[106   0   1   5   2   2   8]
[173   2   2   2   5   4   1]
[172   2   2   2   5   3   1]
[26  1  1  2  1  2 16]
[220   0   2   4   5   1   4]
[28  2  1  2  1  4  8]
[131   2   2   1   2   2  16]
[572   1   5   3   5   3   2]
[220   0   2   4   5   1   4]
[513   2   5   1   3   4   2]
[231   0   2   5   2   2   1]
[208   1   2   4   2   4   8]
[191   2   2   3   4   2   4]
[47  2  1  2  5  3  1]
[377   0   4   1   1   3   4]
[262   2   3   1   3   3   4]
[515   0   5   1   4   1  16]
[482   0   4   5   2   3   1]
[139   2   2   1   3   5   1]
[507   2   5   1   2   3  16]
[511   2   5   1   3   2   8]
[252   1   3   1   1   3   8]
[309   2   3   3   2   5   2]
[35  2  1  2  3  1 16]
[130   1   2   1   2   1  16]
[186   1   2   3   3   2   8]
[0 1 1 1 1 1 8]
[110   0   1   5   3   1   2]
[110   0   1   5   3   1   2]
[130   1   2   1   2   1  16]
[434   0   4   3   2   5   8]
[624   1   5   5   5   5   8]
[135   2   2   1   3   1   8]
[170   2   2   2   5   1   4]
[611   0   5   5   3   2   1]
[622   0   5   5   5   3   1]
[187   2   2   3   3   3   1]
[624   1   5   5   5   5   8]
[257   2   3   1   2   3   1]
[56  2  1  3  2  2  8]
[586   0   5   4   3   2   1]
[105   0   1   5   2   1   1]
[106   0   1   5   2   2   8]
[594   1   5   4   4   5   8]
[497   0   4   5   5   3   1]
[86  2  1  4  3  2  4]
[437   0   4   3   3   3   8]
