[102   0   1   5   1   3   2]
[79  2  1  4  1  5  8]
[252   1   3   1   1   3   4]
[160   0   2   2   3   1   8]
[511   2   5   1   3   2   8]
[579   0   5   4   1   5   1]
[533   0   5   2   2   4   8]
[300   0   3   3   1   1   1]
[217   2   2   4   4   3   1]
[312   1   3   3   3   3   8]
[554   0   5   3   1   5   1]
[541   0   5   2   4   2   8]
[126   1   2   1   1   2   8]
[77  0  1  4  1  3  8]
[321   2   3   3   5   2   8]
[599   2   5   4   5   5   2]
[77  0  1  4  1  3  8]
[407   0   4   2   2   3   2]
[596   0   5   4   5   2   1]
[131   2   2   1   2   2  16]
[30  1  1  2  2  1  4]
[268   2   3   1   4   4   1]
[434   0   4   3   2   5   8]
[379   2   4   1   1   5   8]
[553   0   5   3   1   4   1]
[395   2   4   1   5   1   4]
[404   0   4   2   1   5   2]
[243   2   2   5   4   4   1]
[47  2  1  2  5  3  1]
[253   2   3   1   1   4   8]
[225   0   2   5   1   1   1]
[623   0   5   5   5   4   8]
[251   0   3   1   1   2   8]
[4 2 1 1 1 5 1]
[253   2   3   1   1   4   8]
[589   0   5   4   3   5   8]
[538   2   5   2   3   4   1]
[95  2  1  4  5  1  4]
[78  1  1  4  1  4 32]
[543   2   5   2   4   4   1]
[91  2  1  4  4  2  4]
[511   2   5   1   3   2   8]
[585   0   5   4   3   1   1]
[76  0  1  4  1  2  2]
[230   0   2   5   2   1   1]
[254   2   3   1   1   5   2]
[224   2   2   4   5   5   1]
[555   0   5   3   2   1   1]
[11  2  1  1  3  2  1]
[161   2   2   2   3   2   4]
[312   1   3   3   3   3   8]
[83  2  1  4  2  4  4]
[507   2   5   1   2   3  16]
[381   1   4   1   2   2   4]
[241   0   2   5   4   2   4]
[484   0   4   5   2   5   1]
[262   2   3   1   3   3   4]
[78  1  1  4  1  4 32]
[195   0   2   3   5   1  32]
[170   2   2   2   5   1   4]
[210   0   2   4   3   1   1]
[5 2 1 1 2 1 8]
[128   2   2   1   1   4   2]
[342   1   3   4   4   3   8]
[305   0   3   3   2   1   1]
[591   0   5   4   4   2   1]
[321   2   3   3   5   2   8]
[446   0   4   3   5   2   4]
[515   0   5   1   4   1  16]
[35  2  1  2  3  1 16]
[585   0   5   4   3   1   1]
[125   0   2   1   1   1   8]
[594   1   5   4   4   5   4]
[131   2   2   1   2   2  16]
[494   1   4   5   4   5   4]
[507   2   5   1   2   3  16]
[262   2   3   1   3   3   4]
[195   0   2   3   5   1  32]
[260   1   3   1   3   1   8]
[376   0   4   1   1   2   1]
[160   0   2   2   3   1   8]
[135   2   2   1   3   1   8]
[181   0   2   3   2   2   8]
[49  2  1  2  5  5  1]
[170   2   2   2   5   1   4]
[229   0   2   5   1   5   1]
[408   1   4   2   2   4   8]
[30  1  1  2  2  1  4]
[207   0   2   4   2   3   2]
[466   0   4   4   4   2   1]
[120   1   1   5   5   1  16]
[241   0   2   5   4   2   4]
[506   0   5   1   2   2   2]
[548   2   5   2   5   4   1]
[509   2   5   1   2   5   1]
[211   0   2   4   3   2   8]
[125   0   2   1   1   1   8]
[572   1   5   3   5   3   2]
[0 1 1 1 1 1 8]
[396   2   4   1   5   2   1]
[376   0   4   1   1   2   1]
[427   0   4   3   1   3   1]
[621   0   5   5   5   2   1]
[225   0   2   5   1   1   1]
[71  2  1  3  5  2  1]
[307   0   3   3   2   3   8]
[131   2   2   1   2   2  16]
[15  2  1  1  4  1  1]
[255   0   3   1   2   1   8]
[305   0   3   3   2   1   1]
[323   2   3   3   5   4   1]
[319   2   3   3   4   5   1]
[74  2  1  3  5  5  1]
[154   2   2   2   1   5   4]
[123   2   1   5   5   4   1]
[91  2  1  4  4  2  4]
[342   1   3   4   4   3   8]
[467   0   4   4   4   3   8]
[246   1   2   5   5   2  16]
[124   2   1   5   5   5   1]
[312   1   3   3   3   3   8]
[156   1   2   2   2   2   8]
[507   2   5   1   2   3  16]
[504   1   5   1   1   5   8]
[177   0   2   3   1   3   1]
[520   1   5   1   5   1   2]
[375   0   4   1   1   1   1]
[78  1  1  4  1  4 32]
[103   0   1   5   1   4   8]
[145   2   2   1   5   1   1]
[313   2   3   3   3   4   8]
[327   0   3   4   1   3   1]
[463   0   4   4   3   4   2]
[275   0   3   2   1   1   1]
[81  1  1  4  2  2  8]
[30  1  1  2  2  1  4]
[614   0   5   5   3   5   1]
[120   1   1   5   5   1  16]
[209   2   2   4   2   5   2]
[76  0  1  4  1  2  2]
[104   1   1   5   1   5   4]
[85  0  1  4  3  1  4]
[131   2   2   1   2   2  16]
[361   0   3   5   3   2   1]
[353   0   3   5   1   4   1]
[433   0   4   3   2   4   1]
[495   0   4   5   5   1   1]
[149   2   2   1   5   5   1]
[604   0   5   5   1   5   1]
[281   0   3   2   2   2   4]
[25  0  1  2  1  1  8]
[102   0   1   5   1   3   2]
[133   2   2   1   2   4   1]
[446   0   4   3   5   2   4]
[347   2   3   4   5   3   8]
[307   0   3   3   2   3   8]
[101   0   1   5   1   2   1]
[360   0   3   5   3   1   1]
[579   0   5   4   1   5   1]
[624   1   5   5   5   5   8]
[385   0   4   1   3   1   2]
[564   1   5   3   3   5   4]
[442   1   4   3   4   3   8]
[192   2   2   3   4   3   1]
[101   0   1   5   1   2   1]
[507   2   5   1   2   3  16]
[316   0   3   3   4   2   8]
[515   0   5   1   4   1  16]
[515   0   5   1   4   1  16]
[35  2  1  2  3  1 16]
[408   1   4   2   2   4   8]
[182   1   2   3   2   3   4]
[173   2   2   2   5   4   1]
[385   0   4   1   3   1   2]
[157   2   2   2   2   3   4]
[211   0   2   4   3   2   8]
[125   0   2   1   1   1   8]
[81  1  1  4  2  2  8]
[161   2   2   2   3   2   4]
[78  1  1  4  1  4 32]
[497   0   4   5   5   3   1]
[256   2   3   1   2   2   8]
[21  2  1  1  5  2  1]
[511   2   5   1   3   2   8]
[389   2   4   1   3   5   1]
[231   0   2   5   2   2   1]
[511   2   5   1   3   2   8]
[294   2   3   2   4   5   1]
[502   0   5   1   1   3   2]
[56  2  1  3  2  2  8]
[584   0   5   4   2   5   1]
[262   2   3   1   3   3   4]
[580   0   5   4   2   1   1]
[589   0   5   4   3   5   8]
[87  2  1  4  3  3  1]
[416   1   4   2   4   2   4]
[441   0   4   3   4   2   2]
[107   2   1   5   2   3   8]
[91  2  1  4  4  2  4]
[209   2   2   4   2   5   2]
[131   2   2   1   2   2  16]
[131   2   2   1   2   2  16]
[25  0  1  2  1  1  8]
[569   2   5   3   4   5   4]
[504   1   5   1   1   5   8]
[35  2  1  2  3  1 16]
[107   2   1   5   2   3   8]
[608   0   5   5   2   4   1]
[62  2  1  3  3  3  1]
[480   0   4   5   2   1   1]
[376   0   4   1   1   2   1]
[246   1   2   5   5   2  16]
[101   0   1   5   1   2   1]
[30  1  1  2  2  1  4]
[25  0  1  2  1  1  8]
[439   2   4   3   3   5   8]
[306   0   3   3   2   2   1]
[362   0   3   5   3   3   1]
[1 2 1 1 1 2 4]
[262   2   3   1   3   3   4]
[260   1   3   1   3   1   8]
[379   2   4   1   1   5   8]
[379   2   4   1   1   5   8]
[546   1   5   2   5   2   4]
[195   0   2   3   5   1  32]
[449   2   4   3   5   5   1]
[307   0   3   3   2   3   8]
[103   0   1   5   1   4   8]
[365   0   3   5   4   1   1]
[78  1  1  4  1  4 32]
[195   0   2   3   5   1  32]
[126   1   2   1   1   2   8]
[623   0   5   5   5   4   8]
[541   0   5   2   4   2   8]
[541   0   5   2   4   2   8]
[151   0   2   2   1   2   4]
[507   2   5   1   2   3  16]
[81  1  1  4  2  2  8]
[421   2   4   2   5   2   8]
[451   0   4   4   1   2   1]
[255   0   3   1   2   1   8]
[125   0   2   1   1   1   8]
[131   2   2   1   2   2  16]
[337   0   3   4   3   3   4]
[546   1   5   2   5   2   4]
[494   1   4   5   4   5   4]
[228   0   2   5   1   4   1]
[75  0  1  4  1  1  1]
[504   1   5   1   1   5   8]
[241   0   2   5   4   2   4]
[181   0   2   3   2   2   8]
[231   0   2   5   2   2   1]
[515   0   5   1   4   1  16]
[624   1   5   5   5   5   8]
[153   1   2   2   1   4   4]
[423   2   4   2   5   4   1]
[327   0   3   4   1   3   1]
[246   1   2   5   5   2  16]
[343   2   3   4   4   4   1]
[501   0   5   1   1   2   1]
[1 2 1 1 1 2 4]
[182   1   2   3   2   3   4]
[451   0   4   4   1   2   1]
[623   0   5   5   5   4   8]
[378   1   4   1   1   4   2]
[251   0   3   1   1   2   8]
[470   0   4   4   5   1   1]
[261   2   3   1   3   2   2]
[408   1   4   2   2   4   8]
[380   0   4   1   2   1   1]
[90  1  1  4  4  1  8]
[586   0   5   4   3   2   1]
[329   0   3   4   1   5   1]
[158   2   2   2   2   4   1]
[313   2   3   3   3   4   8]
[241   0   2   5   4   2   4]
[115   0   1   5   4   1   4]
[534   1   5   2   2   5   8]
[64  2  1  3  3  5  1]
[548   2   5   2   5   4   1]
[525   0   5   2   1   1   1]
[403   0   4   2   1   4   2]
[123   2   1   5   5   4   1]
[103   0   1   5   1   4   8]
[432   0   4   3   2   3   1]
[81  1  1  4  2  2  8]
[156   1   2   2   2   2   8]
[255   0   3   1   2   1   8]
[623   0   5   5   5   4   8]
[195   0   2   3   5   1  32]
[253   2   3   1   1   4   8]
[425   0   4   3   1   1   1]
[402   0   4   2   1   3   1]
[156   1   2   2   2   2   8]
[161   2   2   2   3   2   4]
[44  2  1  2  4  5  1]
[347   2   3   4   5   3   8]
[567   0   5   3   4   3   2]
[381   1   4   1   2   2   4]
[111   2   1   5   3   2   1]
[383   2   4   1   2   4   1]
[78  1  1  4  1  4 32]
[283   2   3   2   2   4   4]
[310   0   3   3   3   1   1]
[234   1   2   5   2   5   4]
[251   0   3   1   1   2   8]
[160   0   2   2   3   1   8]
[468   1   4   4   4   4   4]
[103   0   1   5   1   4   8]
[589   0   5   4   3   5   8]
[326   0   3   4   1   2   1]
[213   2   2   4   3   4   1]
[469   2   4   4   4   5   8]
[530   0   5   2   2   1   1]
[437   0   4   3   3   3   8]
[79  2  1  4  1  5  8]
[211   0   2   4   3   2   8]
[313   2   3   3   3   4   8]
[490   0   4   5   4   1   1]
[195   0   2   3   5   1  32]
[609   0   5   5   2   5   1]
[126   1   2   1   1   2   8]
[301   0   3   3   1   2   1]
[157   2   2   2   2   3   4]
[120   1   1   5   5   1  16]
[502   0   5   1   1   3   2]
[534   1   5   2   2   5   8]
[195   0   2   3   5   1  32]
[447   2   4   3   5   3   4]
[67  2  1  3  4  3  1]
[25  0  1  2  1  1  8]
[623   0   5   5   5   4   8]
[255   0   3   1   2   1   8]
[191   2   2   3   4   2   4]
[467   0   4   4   4   3   8]
[235   0   2   5   3   1   1]
[99  2  1  4  5  5  1]
[207   0   2   4   2   3   2]
[0 1 1 1 1 1 8]
[51  0  1  3  1  2  1]
[450   0   4   4   1   1   1]
[461   0   4   4   3   2   1]
[195   0   2   3   5   1  32]
[577   0   5   4   1   3   1]
[534   1   5   2   2   5   8]
[463   0   4   4   3   4   2]
[32  2  1  2  2  3  2]
[525   0   5   2   1   1   1]
[225   0   2   5   1   1   1]
[199   2   2   3   5   5   1]
[576   0   5   4   1   2   1]
[377   0   4   1   1   3   4]
[411   0   4   2   3   2   8]
[355   0   3   5   2   1   1]
[78  1  1  4  1  4 32]
[131   2   2   1   2   2  16]
[78  1  1  4  1  4 32]
[263   2   3   1   3   4   1]
[81  1  1  4  2  2  8]
[327   0   3   4   1   3   1]
[3 2 1 1 1 4 1]
[619   0   5   5   4   5   8]
[208   1   2   4   2   4   4]
[419   2   4   2   4   5   1]
[421   2   4   2   5   2   8]
[56  2  1  3  2  2  8]
[411   0   4   2   3   2   8]
[624   1   5   5   5   5   8]
[335   0   3   4   3   1   1]
[120   1   1   5   5   1  16]
[78  1  1  4  1  4 32]
[78  1  1  4  1  4 32]
[321   2   3   3   5   2   8]
[156   1   2   2   2   2   8]
[148   2   2   1   5   4   1]
[155   0   2   2   2   1   2]
[90  1  1  4  4  1  8]
[439   2   4   3   3   5   8]
[121   2   1   5   5   2   2]
[500   0   5   1   1   1   1]
[22  2  1  1  5  3  1]
[229   0   2   5   1   5   1]
[624   1   5   5   5   5   8]
[35  2  1  2  3  1 16]
[397   2   4   1   5   3   1]
[395   2   4   1   5   1   4]
[183   2   2   3   2   4   4]
[438   1   4   3   3   4   4]
[68  2  1  3  4  4  1]
[78  1  1  4  1  4 32]
[546   1   5   2   5   2   4]
[603   0   5   5   1   4   1]
[624   1   5   5   5   5   8]
[190   0   2   3   4   1   2]
[165   1   2   2   4   1   4]
[581   0   5   4   2   2   1]
[546   1   5   2   5   2   4]
[423   2   4   2   5   4   1]
[483   0   4   5   2   4   1]
[78  1  1  4  1  4 32]
[88  2  1  4  3  4  1]
[307   0   3   3   2   3   8]
[312   1   3   3   3   3   8]
[78  1  1  4  1  4 32]
[398   2   4   1   5   4   1]
[621   0   5   5   5   2   1]
[35  2  1  2  3  1 16]
[541   0   5   2   4   2   8]
[191   2   2   3   4   2   4]
[256   2   3   1   2   2   8]
[126   1   2   1   1   2   8]
[593   0   5   4   4   4   4]
[321   2   3   3   5   2   8]
[262   2   3   1   3   3   4]
[316   0   3   3   4   2   8]
[334   0   3   4   2   5   1]
[480   0   4   5   2   1   1]
[316   0   3   3   4   2   8]
[47  2  1  2  5  3  1]
[510   0   5   1   3   1   2]
[256   2   3   1   2   2   8]
[253   2   3   1   1   4   8]
[592   0   5   4   4   3   1]
[253   2   3   1   1   4   8]
[541   0   5   2   4   2   8]
[411   0   4   2   3   2   8]
[70  2  1  3  5  1  1]
[135   2   2   1   3   1   8]
[195   0   2   3   5   1  32]
[253   2   3   1   1   4   8]
[140   2   2   1   4   1   1]
[522   2   5   1   5   3   1]
[573   2   5   3   5   4   4]
[463   0   4   4   3   4   2]
[78  1  1  4  1  4 32]
[195   0   2   3   5   1  32]
[507   2   5   1   2   3  16]
[131   2   2   1   2   2  16]
[98  2  1  4  5  4  1]
[5 2 1 1 2 1 8]
[420   0   4   2   5   1   8]
[461   0   4   4   3   2   1]
[598   1   5   4   5   4   2]
[408   1   4   2   2   4   8]
[533   0   5   2   2   4   8]
[131   2   2   1   2   2  16]
[342   1   3   4   4   3   8]
[593   0   5   4   4   4   4]
[147   2   2   1   5   3   1]
[103   0   1   5   1   4   8]
[23  2  1  1  5  4  1]
[446   0   4   3   5   2   4]
[446   0   4   3   5   2   4]
[611   0   5   5   3   2   1]
[106   0   1   5   2   2   4]
[412   2   4   2   3   3   2]
[5 2 1 1 2 1 8]
[181   0   2   3   2   2   8]
[507   2   5   1   2   3  16]
[160   0   2   2   3   1   8]
[195   0   2   3   5   1  32]
[467   0   4   4   4   3   8]
[395   2   4   1   5   1   4]
[35  2  1  2  3  1 16]
[490   0   4   5   4   1   1]
[606   0   5   5   2   2   1]
[79  2  1  4  1  5  8]
[56  2  1  3  2  2  8]
[206   0   2   4   2   2   2]
[312   1   3   3   3   3   8]
[135   2   2   1   3   1   8]
[137   2   2   1   3   3   1]
[623   0   5   5   5   4   8]
[413   2   4   2   3   4   2]
[377   0   4   1   1   3   4]
[222   2   2   4   5   3   1]
[209   2   2   4   2   5   2]
[83  2  1  4  2  4  4]
[328   0   3   4   1   4   1]
[400   0   4   2   1   1   1]
[344   2   3   4   4   5   1]
[476   0   4   5   1   2   1]
[348   2   3   4   5   4   1]
[253   2   3   1   1   4   8]
[593   0   5   4   4   4   4]
[206   0   2   4   2   2   2]
[78  1  1  4  1  4 32]
[515   0   5   1   4   1  16]
[407   0   4   2   2   3   2]
[555   0   5   3   2   1   1]
[347   2   3   4   5   3   8]
[338   1   3   4   3   4   4]
[224   2   2   4   5   5   1]
[390   1   4   1   4   1   4]
[96  2  1  4  5  2  1]
[437   0   4   3   3   3   8]
[229   0   2   5   1   5   1]
[135   2   2   1   3   1   8]
[186   1   2   3   3   2   4]
[321   2   3   3   5   2   8]
[506   0   5   1   2   2   2]
[420   0   4   2   5   1   8]
[467   0   4   4   4   3   8]
[421   2   4   2   5   2   8]
[66  2  1  3  4  2  1]
[220   0   2   4   5   1   4]
[589   0   5   4   3   5   8]
[539   2   5   2   3   5   2]
[529   0   5   2   1   5   4]
[241   0   2   5   4   2   4]
[120   1   1   5   5   1  16]
[81  1  1  4  2  2  8]
[292   2   3   2   4   3   1]
[439   2   4   3   3   5   8]
[284   2   3   2   2   5   2]
[344   2   3   4   4   5   1]
[45  2  1  2  5  1  1]
[434   0   4   3   2   5   8]
[215   0   2   4   4   1   1]
[131   2   2   1   2   2  16]
[469   2   4   4   4   5   8]
[457   0   4   4   2   3   1]
[585   0   5   4   3   1   1]
[555   0   5   3   2   1   1]
[395   2   4   1   5   1   4]
[154   2   2   2   1   5   4]
[495   0   4   5   5   1   1]
[342   1   3   4   4   3   8]
[184   2   2   3   2   5   2]
[246   1   2   5   5   2  16]
[0 1 1 1 1 1 8]
[90  1  1  4  4  1  8]
[417   2   4   2   4   3   1]
[484   0   4   5   2   5   1]
[528   0   5   2   1   4   1]
[95  2  1  4  5  1  4]
[456   0   4   4   2   2   1]
[551   0   5   3   1   2   1]
[82  2  1  4  2  3  2]
[403   0   4   2   1   4   2]
[138   2   2   1   3   4   1]
[233   0   2   5   2   4   2]
[434   0   4   3   2   5   8]
[28  2  1  2  1  4  4]
[182   1   2   3   2   3   4]
[338   1   3   4   3   4   4]
[322   2   3   3   5   3   1]
[400   0   4   2   1   1   1]
[44  2  1  2  4  5  1]
[515   0   5   1   4   1  16]
[528   0   5   2   1   4   1]
[572   1   5   3   5   3   2]
[511   2   5   1   3   2   8]
[148   2   2   1   5   4   1]
[260   1   3   1   3   1   8]
[378   1   4   1   1   4   2]
[623   0   5   5   5   4   8]
[256   2   3   1   2   2   8]
[79  2  1  4  1  5  8]
[437   0   4   3   3   3   8]
[190   0   2   3   4   1   2]
[316   0   3   3   4   2   8]
[73  2  1  3  5  4  1]
[156   1   2   2   2   2   8]
[107   2   1   5   2   3   8]
[65  2  1  3  4  1  4]
[30  1  1  2  2  1  4]
[408   1   4   2   2   4   8]
[515   0   5   1   4   1  16]
[619   0   5   5   4   5   8]
[131   2   2   1   2   2  16]
[195   0   2   3   5   1  32]
[451   0   4   4   1   2   1]
[103   0   1   5   1   4   8]
[134   2   2   1   2   5   1]
[77  0  1  4  1  3  8]
[2 2 1 1 1 3 1]
[383   2   4   1   2   4   1]
[78  1  1  4  1  4 32]
[238   2   2   5   3   4   2]
[335   0   3   4   3   1   1]
[64  2  1  3  3  5  1]
[78  1  1  4  1  4 32]
[551   0   5   3   1   2   1]
[623   0   5   5   5   4   8]
[560   0   5   3   3   1   1]
[515   0   5   1   4   1  16]
[551   0   5   3   1   2   1]
[124   2   1   5   5   5   1]
[571   0   5   3   5   2   2]
[170   2   2   2   5   1   4]
[26  1  1  2  1  2  4]
[73  2  1  3  5  4  1]
[377   0   4   1   1   3   4]
[308   0   3   3   2   4   2]
[103   0   1   5   1   4   8]
[7 2 1 1 2 3 1]
[78  1  1  4  1  4 32]
[589   0   5   4   3   5   8]
[66  2  1  3  4  2  1]
[83  2  1  4  2  4  4]
[136   2   2   1   3   2   1]
[381   1   4   1   2   2   4]
[241   0   2   5   4   2   4]
[130   1   2   1   2   1   8]
[107   2   1   5   2   3   8]
[26  1  1  2  1  2  4]
[589   0   5   4   3   5   8]
[386   2   4   1   3   2   2]
[373   2   3   5   5   4   2]
[385   0   4   1   3   1   2]
[111   2   1   5   3   2   1]
[127   2   2   1   1   3   4]
[515   0   5   1   4   1  16]
[308   0   3   3   2   4   2]
[79  2  1  4  1  5  8]
[151   0   2   2   1   2   4]
[85  0  1  4  3  1  4]
[444   2   4   3   4   5   1]
[78  1  1  4  1  4 32]
[135   2   2   1   3   1   8]
[258   2   3   1   2   4   1]
[107   2   1   5   2   3   8]
[9 2 1 1 2 5 1]
[529   0   5   2   1   5   4]
