[367   0   3   5   4   3   1]
[349   2   3   4   5   5   1]
[521   2   5   1   5   2   1]
[108   2   1   5   2   4   1]
[314   2   3   3   3   5   1]
[586   0   5   4   3   2   1]
[91  2  1  4  4  2  1]
[574   2   5   3   5   5   1]
[400   0   4   2   1   1   1]
[164   2   2   2   3   5   1]
[3 2 1 1 1 4 1]
[139   2   2   1   3   5   1]
[97  2  1  4  5  3  1]
[305   0   3   3   2   1   1]
[250   0   3   1   1   1   1]
[243   2   2   5   4   4   1]
[411   0   4   2   3   2   1]
[583   0   5   4   2   4   1]
[154   2   2   2   1   5   1]
[415   0   4   2   4   1   1]
[487   0   4   5   3   3   1]
[468   1   4   4   4   4   1]
[139   2   2   1   3   5   1]
[569   2   5   3   4   5   1]
[123   2   1   5   5   4   1]
[188   2   2   3   3   4   1]
[197   2   2   3   5   3   1]
[441   0   4   3   4   2   1]
[59  2  1  3  2  5  1]
[616   0   5   5   4   2   1]
[198   2   2   3   5   4   1]
[120   1   1   5   5   1   1]
[187   2   2   3   3   3   1]
[466   0   4   4   4   2   1]
[1 2 1 1 1 2 1]
[577   0   5   4   1   3   1]
[473   2   4   4   5   4   1]
[237   0   2   5   3   3   1]
[61  2  1  3  3  2  1]
[558   0   5   3   2   4   1]
[438   1   4   3   3   4   1]
[259   2   3   1   2   5   1]
[78  1  1  4  1  4  1]
[338   1   3   4   3   4   1]
[309   2   3   3   2   5   1]
[447   2   4   3   5   3   1]
[562   0   5   3   3   3   1]
[395   2   4   1   5   1   1]
[208   1   2   4   2   4   1]
[223   2   2   4   5   4   1]
[228   0   2   5   1   4   1]
[269   2   3   1   4   5   1]
[503   0   5   1   1   4   1]
[601   0   5   5   1   2   1]
[525   0   5   2   1   1   1]
[483   0   4   5   2   4   1]
[0 1 1 1 1 1 1]
[427   0   4   3   1   3   1]
[323   2   3   3   5   4   1]
[462   0   4   4   3   3   1]
[309   2   3   3   2   5   1]
[575   0   5   4   1   1   1]
[187   2   2   3   3   3   1]
[529   0   5   2   1   5   1]
[383   2   4   1   2   4   1]
[516   2   5   1   4   2   1]
[476   0   4   5   1   2   1]
[404   0   4   2   1   5   1]
[56  2  1  3  2  2  1]
[9 2 1 1 2 5 1]
[107   2   1   5   2   3   1]
[244   2   2   5   4   5   1]
[401   0   4   2   1   2   1]
[459   0   4   4   2   5   1]
[470   0   4   4   5   1   1]
[331   0   3   4   2   2   1]
[430   0   4   3   2   1   1]
[60  1  1  3  3  1  1]
[137   2   2   1   3   3   1]
[597   0   5   4   5   3   1]
[80  0  1  4  2  1  1]
[413   2   4   2   3   4   1]
[224   2   2   4   5   5   1]
[175   0   2   3   1   1   1]
[424   2   4   2   5   5   1]
[497   0   4   5   5   3   1]
[276   0   3   2   1   2   1]
[434   0   4   3   2   5   1]
[563   0   5   3   3   4   1]
[315   0   3   3   4   1   1]
[59  2  1  3  2  5  1]
[259   2   3   1   2   5   1]
[57  2  1  3  2  3  1]
[343   2   3   4   4   4   1]
[340   0   3   4   4   1   1]
[556   0   5   3   2   2   1]
[478   0   4   5   1   4   1]
[370   0   3   5   5   1   1]
[385   0   4   1   3   1   1]
[156   1   2   2   2   2   1]
[522   2   5   1   5   3   1]
[437   0   4   3   3   3   1]
[461   0   4   4   3   2   1]
[266   2   3   1   4   2   1]
[507   2   5   1   2   3   1]
[417   2   4   2   4   3   1]
[316   0   3   3   4   2   1]
[336   0   3   4   3   2   1]
[28  2  1  2  1  4  1]
[139   2   2   1   3   5   1]
[453   0   4   4   1   4   1]
[128   2   2   1   1   4   1]
[191   2   2   3   4   2   1]
[20  2  1  1  5  1  1]
[326   0   3   4   1   2   1]
[428   0   4   3   1   4   1]
[299   2   3   2   5   5   1]
[273   2   3   1   5   4   1]
[220   0   2   4   5   1   1]
[610   0   5   5   3   1   1]
[429   0   4   3   1   5   1]
[344   2   3   4   4   5   1]
[90  1  1  4  4  1  1]
[333   0   3   4   2   4   1]
[500   0   5   1   1   1   1]
[317   2   3   3   4   3   1]
[494   1   4   5   4   5   1]
[469   2   4   4   4   5   1]
[275   0   3   2   1   1   1]
[583   0   5   4   2   4   1]
[115   0   1   5   4   1   1]
[341   0   3   4   4   2   1]
[492   0   4   5   4   3   1]
[15  2  1  1  4  1  1]
[394   2   4   1   4   5   1]
[222   2   2   4   5   3   1]
[459   0   4   4   2   5   1]
[584   0   5   4   2   5   1]
[582   0   5   4   2   3   1]
[585   0   5   4   3   1   1]
[594   1   5   4   4   5   1]
[211   0   2   4   3   2   1]
[579   0   5   4   1   5   1]
[458   0   4   4   2   4   1]
[288   2   3   2   3   4   1]
[495   0   4   5   5   1   1]
[229   0   2   5   1   5   1]
[140   2   2   1   4   1   1]
[270   2   3   1   5   1   1]
[578   0   5   4   1   4   1]
[526   0   5   2   1   2   1]
[334   0   3   4   2   5   1]
[61  2  1  3  3  2  1]
[484   0   4   5   2   5   1]
[8 2 1 1 2 4 1]
[377   0   4   1   1   3   1]
[330   0   3   4   2   1   1]
[291   2   3   2   4   2   1]
[544   2   5   2   4   5   1]
[184   2   2   3   2   5   1]
[261   2   3   1   3   2   1]
[356   0   3   5   2   2   1]
[74  2  1  3  5  5  1]
[88  2  1  4  3  4  1]
[41  2  1  2  4  2  1]
[350   0   3   5   1   1   1]
[575   0   5   4   1   1   1]
[573   2   5   3   5   4   1]
[168   2   2   2   4   4   1]
[381   1   4   1   2   2   1]
[47  2  1  2  5  3  1]
[265   2   3   1   4   1   1]
[86  2  1  4  3  2  1]
[50  0  1  3  1  1  1]
[259   2   3   1   2   5   1]
[596   0   5   4   5   2   1]
[124   2   1   5   5   5   1]
[246   1   2   5   5   2   1]
[211   0   2   4   3   2   1]
[67  2  1  3  4  3  1]
[290   0   3   2   4   1   1]
[298   2   3   2   5   4   1]
[129   2   2   1   1   5   1]
[335   0   3   4   3   1   1]
[406   0   4   2   2   2   1]
[333   0   3   4   2   4   1]
[211   0   2   4   3   2   1]
[429   0   4   3   1   5   1]
[269   2   3   1   4   5   1]
[387   2   4   1   3   3   1]
[428   0   4   3   1   4   1]
[333   0   3   4   2   4   1]
[161   2   2   2   3   2   1]
[267   2   3   1   4   3   1]
[567   0   5   3   4   3   1]
[490   0   4   5   4   1   1]
[9 2 1 1 2 5 1]
[178   0   2   3   1   4   1]
[290   0   3   2   4   1   1]
[339   2   3   4   3   5   1]
[406   0   4   2   2   2   1]
[353   0   3   5   1   4   1]
[579   0   5   4   1   5   1]
[323   2   3   3   5   4   1]
[283   2   3   2   2   4   1]
[484   0   4   5   2   5   1]
[121   2   1   5   5   2   1]
[350   0   3   5   1   1   1]
[182   1   2   3   2   3   1]
[584   0   5   4   2   5   1]
[56  2  1  3  2  2  1]
[506   0   5   1   2   2   1]
[463   0   4   4   3   4   1]
[169   2   2   2   4   5   1]
[449   2   4   3   5   5   1]
[43  2  1  2  4  4  1]
[268   2   3   1   4   4   1]
[14  2  1  1  3  5  1]
[452   0   4   4   1   3   1]
[72  2  1  3  5  3  1]
[523   2   5   1   5   4   1]
[211   0   2   4   3   2   1]
[351   0   3   5   1   2   1]
[142   2   2   1   4   3   1]
[48  2  1  2  5  4  1]
[309   2   3   3   2   5   1]
[293   2   3   2   4   4   1]
[336   0   3   4   3   2   1]
[235   0   2   5   3   1   1]
[415   0   4   2   4   1   1]
[457   0   4   4   2   3   1]
[515   0   5   1   4   1   1]
[11  2  1  1  3  2  1]
[53  2  1  3  1  4  1]
[355   0   3   5   2   1   1]
[416   1   4   2   4   2   1]
[243   2   2   5   4   4   1]
[279   0   3   2   1   5   1]
[251   0   3   1   1   2   1]
[202   0   2   4   1   3   1]
[617   0   5   5   4   3   1]
[162   2   2   2   3   3   1]
[360   0   3   5   3   1   1]
[297   2   3   2   5   3   1]
[108   2   1   5   2   4   1]
[70  2  1  3  5  1  1]
[526   0   5   2   1   2   1]
[50  0  1  3  1  1  1]
[288   2   3   2   3   4   1]
[268   2   3   1   4   4   1]
[558   0   5   3   2   4   1]
[48  2  1  2  5  4  1]
[370   0   3   5   5   1   1]
[488   0   4   5   3   4   1]
[384   2   4   1   2   5   1]
[373   2   3   5   5   4   1]
[186   1   2   3   3   2   1]
[333   0   3   4   2   4   1]
[365   0   3   5   4   1   1]
[414   2   4   2   3   5   1]
[421   2   4   2   5   2   1]
[441   0   4   3   4   2   1]
[88  2  1  4  3  4  1]
[440   0   4   3   4   1   1]
[243   2   2   5   4   4   1]
[204   0   2   4   1   5   1]
[176   0   2   3   1   2   1]
[507   2   5   1   2   3   1]
[326   0   3   4   1   2   1]
[74  2  1  3  5  5  1]
[98  2  1  4  5  4  1]
[259   2   3   1   2   5   1]
[526   0   5   2   1   2   1]
[622   0   5   5   5   3   1]
[238   2   2   5   3   4   1]
[108   2   1   5   2   4   1]
[226   0   2   5   1   2   1]
[575   0   5   4   1   1   1]
[75  0  1  4  1  1  1]
[41  2  1  2  4  2  1]
[485   0   4   5   3   1   1]
[161   2   2   2   3   2   1]
[256   2   3   1   2   2   1]
[521   2   5   1   5   2   1]
[573   2   5   3   5   4   1]
[396   2   4   1   5   2   1]
[585   0   5   4   3   1   1]
[331   0   3   4   2   2   1]
[55  0  1  3  2  1  1]
[529   0   5   2   1   5   1]
[2 2 1 1 1 3 1]
[42  2  1  2  4  3  1]
[344   2   3   4   4   5   1]
[406   0   4   2   2   2   1]
[15  2  1  1  4  1  1]
[456   0   4   4   2   2   1]
[251   0   3   1   1   2   1]
[202   0   2   4   1   3   1]
[514   2   5   1   3   5   1]
[133   2   2   1   2   4   1]
[574   2   5   3   5   5   1]
[474   2   4   4   5   5   1]
[337   0   3   4   3   3   1]
[231   0   2   5   2   2   1]
[228   0   2   5   1   4   1]
[446   0   4   3   5   2   1]
[94  2  1  4  4  5  1]
[289   2   3   2   3   5   1]
[506   0   5   1   2   2   1]
[16  2  1  1  4  2  1]
[61  2  1  3  3  2  1]
[605   0   5   5   2   1   1]
[549   2   5   2   5   5   1]
[493   0   4   5   4   4   1]
[251   0   3   1   1   2   1]
[586   0   5   4   3   2   1]
[619   0   5   5   4   5   1]
[374   2   3   5   5   5   1]
[63  2  1  3  3  4  1]
[120   1   1   5   5   1   1]
[11  2  1  1  3  2  1]
[586   0   5   4   3   2   1]
[441   0   4   3   4   2   1]
[393   2   4   1   4   4   1]
[99  2  1  4  5  5  1]
[131   2   2   1   2   2   1]
[622   0   5   5   5   3   1]
[457   0   4   4   2   3   1]
[435   0   4   3   3   1   1]
[70  2  1  3  5  1  1]
[244   2   2   5   4   5   1]
[24  2  1  1  5  5  1]
[131   2   2   1   2   2   1]
[598   1   5   4   5   4   1]
[590   0   5   4   4   1   1]
[365   0   3   5   4   1   1]
[405   0   4   2   2   1   1]
[130   1   2   1   2   1   1]
[620   0   5   5   5   1   1]
[519   2   5   1   4   5   1]
[140   2   2   1   4   1   1]
[25  0  1  2  1  1  1]
[39  2  1  2  3  5  1]
[241   0   2   5   4   2   1]
[257   2   3   1   2   3   1]
[573   2   5   3   5   4   1]
[326   0   3   4   1   2   1]
[384   2   4   1   2   5   1]
[513   2   5   1   3   4   1]
[381   1   4   1   2   2   1]
[135   2   2   1   3   1   1]
[190   0   2   3   4   1   1]
[306   0   3   3   2   2   1]
[206   0   2   4   2   2   1]
[17  2  1  1  4  3  1]
[5 2 1 1 2 1 1]
[58  2  1  3  2  4  1]
[463   0   4   4   3   4   1]
[552   0   5   3   1   3   1]
[485   0   4   5   3   1   1]
[230   0   2   5   2   1   1]
[38  2  1  2  3  4  1]
[135   2   2   1   3   1   1]
[623   0   5   5   5   4   1]
[438   1   4   3   3   4   1]
[429   0   4   3   1   5   1]
[407   0   4   2   2   3   1]
[581   0   5   4   2   2   1]
[182   1   2   3   2   3   1]
[76  0  1  4  1  2  1]
[213   2   2   4   3   4   1]
[606   0   5   5   2   2   1]
[367   0   3   5   4   3   1]
[210   0   2   4   3   1   1]
[333   0   3   4   2   4   1]
[35  2  1  2  3  1  1]
[522   2   5   1   5   3   1]
[66  2  1  3  4  2  1]
[126   1   2   1   1   2   1]
[334   0   3   4   2   5   1]
[429   0   4   3   1   5   1]
[150   0   2   2   1   1   1]
[403   0   4   2   1   4   1]
[128   2   2   1   1   4   1]
[247   2   2   5   5   3   1]
[454   0   4   4   1   5   1]
[391   2   4   1   4   2   1]
[54  2  1  3  1  5  1]
[600   0   5   5   1   1   1]
[334   0   3   4   2   5   1]
[313   2   3   3   3   4   1]
[232   0   2   5   2   3   1]
[187   2   2   3   3   3   1]
[392   2   4   1   4   3   1]
[203   0   2   4   1   4   1]
[177   0   2   3   1   3   1]
[232   0   2   5   2   3   1]
[262   2   3   1   3   3   1]
[262   2   3   1   3   3   1]
[110   0   1   5   3   1   1]
[132   2   2   1   2   3   1]
[375   0   4   1   1   1   1]
[162   2   2   2   3   3   1]
[504   1   5   1   1   5   1]
[284   2   3   2   2   5   1]
[367   0   3   5   4   3   1]
[543   2   5   2   4   4   1]
[53  2  1  3  1  4  1]
[504   1   5   1   1   5   1]
[308   0   3   3   2   4   1]
[123   2   1   5   5   4   1]
[252   1   3   1   1   3   1]
[169   2   2   2   4   5   1]
[305   0   3   3   2   1   1]
[260   1   3   1   3   1   1]
[449   2   4   3   5   5   1]
[68  2  1  3  4  4  1]
[456   0   4   4   2   2   1]
[451   0   4   4   1   2   1]
[624   1   5   5   5   5   1]
[118   2   1   5   4   4   1]
[420   0   4   2   5   1   1]
[304   0   3   3   1   5   1]
[163   2   2   2   3   4   1]
[195   0   2   3   5   1   1]
[582   0   5   4   2   3   1]
[87  2  1  4  3  3  1]
[158   2   2   2   2   4   1]
[394   2   4   1   4   5   1]
[510   0   5   1   3   1   1]
[221   2   2   4   5   2   1]
[248   2   2   5   5   4   1]
[177   0   2   3   1   3   1]
[596   0   5   4   5   2   1]
[605   0   5   5   2   1   1]
[198   2   2   3   5   4   1]
[320   0   3   3   5   1   1]
[603   0   5   5   1   4   1]
[107   2   1   5   2   3   1]
[166   2   2   2   4   2   1]
[528   0   5   2   1   4   1]
[283   2   3   2   2   4   1]
[178   0   2   3   1   4   1]
[339   2   3   4   3   5   1]
[350   0   3   5   1   1   1]
[113   2   1   5   3   4   1]
[248   2   2   5   5   4   1]
[309   2   3   3   2   5   1]
[28  2  1  2  1  4  1]
[291   2   3   2   4   2   1]
[134   2   2   1   2   5   1]
[159   2   2   2   2   5   1]
[254   2   3   1   1   5   1]
[418   2   4   2   4   4   1]
[301   0   3   3   1   2   1]
[549   2   5   2   5   5   1]
[415   0   4   2   4   1   1]
[325   0   3   4   1   1   1]
[182   1   2   3   2   3   1]
[602   0   5   5   1   3   1]
[64  2  1  3  3  5  1]
[258   2   3   1   2   4   1]
[198   2   2   3   5   4   1]
[259   2   3   1   2   5   1]
[460   0   4   4   3   1   1]
[159   2   2   2   2   5   1]
[301   0   3   3   1   2   1]
[8 2 1 1 2 4 1]
[517   2   5   1   4   3   1]
[133   2   2   1   2   4   1]
[376   0   4   1   1   2   1]
[277   0   3   2   1   3   1]
[429   0   4   3   1   5   1]
[495   0   4   5   5   1   1]
[265   2   3   1   4   1   1]
[504   1   5   1   1   5   1]
[74  2  1  3  5  5  1]
[542   2   5   2   4   3   1]
[435   0   4   3   3   1   1]
[308   0   3   3   2   4   1]
[135   2   2   1   3   1   1]
[168   2   2   2   4   4   1]
[612   0   5   5   3   3   1]
[523   2   5   1   5   4   1]
[327   0   3   4   1   3   1]
[483   0   4   5   2   4   1]
[410   0   4   2   3   1   1]
[199   2   2   3   5   5   1]
[166   2   2   2   4   2   1]
[494   1   4   5   4   5   1]
[380   0   4   1   2   1   1]
[514   2   5   1   3   5   1]
[102   0   1   5   1   3   1]
[598   1   5   4   5   4   1]
[246   1   2   5   5   2   1]
[487   0   4   5   3   3   1]
[1 2 1 1 1 2 1]
[12  2  1  1  3  3  1]
[238   2   2   5   3   4   1]
[272   2   3   1   5   3   1]
[586   0   5   4   3   2   1]
[384   2   4   1   2   5   1]
[3 2 1 1 1 4 1]
[454   0   4   4   1   5   1]
[91  2  1  4  4  2  1]
[551   0   5   3   1   2   1]
[462   0   4   4   3   3   1]
[226   0   2   5   1   2   1]
[153   1   2   2   1   4   1]
[2 2 1 1 1 3 1]
[210   0   2   4   3   1   1]
[541   0   5   2   4   2   1]
[248   2   2   5   5   4   1]
[500   0   5   1   1   1   1]
[368   2   3   5   4   4   1]
[212   2   2   4   3   3   1]
[60  1  1  3  3  1  1]
[501   0   5   1   1   2   1]
[320   0   3   3   5   1   1]
[25  0  1  2  1  1  1]
[490   0   4   5   4   1   1]
[99  2  1  4  5  5  1]
[489   0   4   5   3   5   1]
[336   0   3   4   3   2   1]
[273   2   3   1   5   4   1]
[211   0   2   4   3   2   1]
[345   0   3   4   5   1   1]
[112   2   1   5   3   3   1]
[385   0   4   1   3   1   1]
[160   0   2   2   3   1   1]
[79  2  1  4  1  5  1]
[25  0  1  2  1  1  1]
[106   0   1   5   2   2   1]
[554   0   5   3   1   5   1]
[139   2   2   1   3   5   1]
[282   1   3   2   2   3   1]
[317   2   3   3   4   3   1]
[159   2   2   2   2   5   1]
[388   2   4   1   3   4   1]
[309   2   3   3   2   5   1]
[543   2   5   2   4   4   1]
[211   0   2   4   3   2   1]
[174   2   2   2   5   5   1]
[493   0   4   5   4   4   1]
[473   2   4   4   5   4   1]
[512   2   5   1   3   3   1]
[329   0   3   4   1   5   1]
[305   0   3   3   2   1   1]
[459   0   4   4   2   5   1]
[56  2  1  3  2  2  1]
[511   2   5   1   3   2   1]
[496   0   4   5   5   2   1]
[506   0   5   1   2   2   1]
[213   2   2   4   3   4   1]
[590   0   5   4   4   1   1]
[266   2   3   1   4   2   1]
[216   1   2   4   4   2   1]
[556   0   5   3   2   2   1]
[342   1   3   4   4   3   1]
[205   0   2   4   2   1   1]
[44  2  1  2  4  5  1]
[496   0   4   5   5   2   1]
[178   0   2   3   1   4   1]
[467   0   4   4   4   3   1]
[309   2   3   3   2   5   1]
[443   2   4   3   4   4   1]
[281   0   3   2   2   2   1]
[622   0   5   5   5   3   1]
[414   2   4   2   3   5   1]
[305   0   3   3   2   1   1]
[610   0   5   5   3   1   1]
[358   0   3   5   2   4   1]
[297   2   3   2   5   3   1]
[214   2   2   4   3   5   1]
[139   2   2   1   3   5   1]
[21  2  1  1  5  2  1]
[205   0   2   4   2   1   1]
[59  2  1  3  2  5  1]
[7 2 1 1 2 3 1]
[423   2   4   2   5   4   1]
[565   0   5   3   4   1   1]
[56  2  1  3  2  2  1]
[382   2   4   1   2   3   1]
[415   0   4   2   4   1   1]
[440   0   4   3   4   1   1]
[550   0   5   3   1   1   1]
[312   1   3   3   3   3   1]
[291   2   3   2   4   2   1]
[46  2  1  2  5  2  1]
[592   0   5   4   4   3   1]
[441   0   4   3   4   2   1]
[133   2   2   1   2   4   1]
[277   0   3   2   1   3   1]
[578   0   5   4   1   4   1]
[176   0   2   3   1   2   1]
[516   2   5   1   4   2   1]
[66  2  1  3  4  2  1]
[347   2   3   4   5   3   1]
[32  2  1  2  2  3  1]
[273   2   3   1   5   4   1]
[367   0   3   5   4   3   1]
[132   2   2   1   2   3   1]
[550   0   5   3   1   1   1]
[445   0   4   3   5   1   1]
[470   0   4   4   5   1   1]
[401   0   4   2   1   2   1]
[237   0   2   5   3   3   1]
[126   1   2   1   1   2   1]
[251   0   3   1   1   2   1]
[265   2   3   1   4   1   1]
[127   2   2   1   1   3   1]
[610   0   5   5   3   1   1]
[412   2   4   2   3   3   1]
[576   0   5   4   1   2   1]
[415   0   4   2   4   1   1]
[538   2   5   2   3   4   1]
[202   0   2   4   1   3   1]
[475   0   4   5   1   1   1]
[244   2   2   5   4   5   1]
[133   2   2   1   2   4   1]
[293   2   3   2   4   4   1]
[210   0   2   4   3   1   1]
[157   2   2   2   2   3   1]
[408   1   4   2   2   4   1]
[255   0   3   1   2   1   1]
