[485   0   4   5   3   1   1]
[156   1   2   2   2   2   4]
[67  2  1  3  4  3  1]
[342   1   3   4   4   3   4]
[350   0   3   5   1   1   1]
[49  2  1  2  5  5  1]
[437   0   4   3   3   3   4]
[385   0   4   1   3   1   2]
[56  2  1  3  2  2  4]
[81  1  1  4  2  2  2]
[580   0   5   4   2   1   1]
[512   2   5   1   3   3   1]
[174   2   2   2   5   5   1]
[436   0   4   3   3   2   1]
[59  2  1  3  2  5  1]
[278   0   3   2   1   4   1]
[494   1   4   5   4   5   4]
[380   0   4   1   2   1   1]
[165   1   2   2   4   1   4]
[225   0   2   5   1   1   1]
[65  2  1  3  4  1  1]
[216   1   2   4   4   2   4]
[484   0   4   5   2   5   1]
[412   2   4   2   3   3   1]
[575   0   5   4   1   1   1]
[449   2   4   3   5   5   1]
[254   2   3   1   1   5   2]
[82  2  1  4  2  3  1]
[570   0   5   3   5   1   1]
[7 2 1 1 2 3 1]
[471   0   4   4   5   2   1]
[107   2   1   5   2   3   2]
[311   0   3   3   3   2   1]
[166   2   2   2   4   2   1]
[79  2  1  4  1  5  8]
[175   0   2   3   1   1   1]
[449   2   4   3   5   5   1]
[148   2   2   1   5   4   1]
[236   0   2   5   3   2   1]
[420   0   4   2   5   1   4]
[243   2   2   5   4   4   1]
[492   0   4   5   4   3   1]
[577   0   5   4   1   3   1]
[280   0   3   2   2   1   1]
[115   0   1   5   4   1   2]
[153   1   2   2   1   4   4]
[277   0   3   2   1   3   1]
[203   0   2   4   1   4   1]
[135   2   2   1   3   1   2]
[363   0   3   5   3   4   1]
[327   0   3   4   1   3   1]
[74  2  1  3  5  5  1]
[208   1   2   4   2   4   4]
[399   2   4   1   5   5   1]
[311   0   3   3   3   2   1]
[141   2   2   1   4   2   1]
[364   1   3   5   3   5   4]
[78  1  1  4  1  4  8]
[115   0   1   5   4   1   2]
[347   2   3   4   5   3   4]
[347   2   3   4   5   3   4]
[240   0   2   5   4   1   1]
[319   2   3   3   4   5   1]
[287   2   3   2   3   3   1]
[533   0   5   2   2   4   4]
[298   2   3   2   5   4   1]
[607   0   5   5   2   3   1]
[564   1   5   3   3   5   2]
[153   1   2   2   1   4   4]
[591   0   5   4   4   2   1]
[210   0   2   4   3   1   1]
[531   0   5   2   2   2   1]
[482   0   4   5   2   3   1]
[120   1   1   5   5   1   4]
[160   0   2   2   3   1   2]
[364   1   3   5   3   5   4]
[507   2   5   1   2   3   8]
[198   2   2   3   5   4   1]
[506   0   5   1   2   2   2]
[36  2  1  2  3  2  1]
[471   0   4   4   5   2   1]
[623   0   5   5   5   4   8]
[216   1   2   4   4   2   4]
[292   2   3   2   4   3   1]
[478   0   4   5   1   4   1]
[104   1   1   5   1   5   4]
[81  1  1  4  2  2  2]
[347   2   3   4   5   3   4]
[357   0   3   5   2   3   1]
[153   1   2   2   1   4   4]
[567   0   5   3   4   3   2]
[189   2   2   3   3   5   1]
[172   2   2   2   5   3   1]
[188   2   2   3   3   4   1]
[409   2   4   2   2   5   1]
[206   0   2   4   2   2   2]
[493   0   4   5   4   4   2]
[120   1   1   5   5   1   4]
[186   1   2   3   3   2   4]
[555   0   5   3   2   1   1]
[344   2   3   4   4   5   1]
[29  2  1  2  1  5  1]
[479   0   4   5   1   5   1]
[337   0   3   4   3   3   4]
[338   1   3   4   3   4   4]
[600   0   5   5   1   1   1]
[605   0   5   5   2   1   1]
[587   0   5   4   3   3   1]
[339   2   3   4   3   5   2]
[567   0   5   3   4   3   2]
[225   0   2   5   1   1   1]
[165   1   2   2   4   1   4]
[72  2  1  3  5  3  1]
[71  2  1  3  5  2  1]
[3 2 1 1 1 4 1]
[495   0   4   5   5   1   1]
[329   0   3   4   1   5   1]
[333   0   3   4   2   4   1]
[31  2  1  2  2  2  1]
[325   0   3   4   1   1   1]
[86  2  1  4  3  2  2]
[125   0   2   1   1   1   4]
[522   2   5   1   5   3   1]
[78  1  1  4  1  4  8]
[309   2   3   3   2   5   2]
[354   0   3   5   1   5   1]
[312   1   3   3   3   3   4]
[338   1   3   4   3   4   4]
[312   1   3   3   3   3   4]
[95  2  1  4  5  1  2]
[67  2  1  3  4  3  1]
[382   2   4   1   2   3   1]
[199   2   2   3   5   5   1]
[508   2   5   1   2   4   1]
[125   0   2   1   1   1   4]
[619   0   5   5   4   5   4]
[100   0   1   5   1   1   1]
[347   2   3   4   5   3   4]
[414   2   4   2   3   5   1]
[124   2   1   5   5   5   1]
[468   1   4   4   4   4   4]
[421   2   4   2   5   2   4]
[499   2   4   5   5   5   2]
[480   0   4   5   2   1   1]
[384   2   4   1   2   5   1]
[567   0   5   3   4   3   2]
[186   1   2   3   3   2   4]
[94  2  1  4  4  5  1]
[346   0   3   4   5   2   1]
[120   1   1   5   5   1   4]
[263   2   3   1   3   4   1]
[51  0  1  3  1  2  1]
[250   0   3   1   1   1   1]
[48  2  1  2  5  4  1]
[569   2   5   3   4   5   1]
[135   2   2   1   3   1   2]
[390   1   4   1   4   1   2]
[465   0   4   4   4   1   1]
[464   0   4   4   3   5   2]
[601   0   5   5   1   2   1]
[204   0   2   4   1   5   1]
[399   2   4   1   5   5   1]
[337   0   3   4   3   3   4]
[5 2 1 1 2 1 8]
[462   0   4   4   3   3   1]
[90  1  1  4  4  1  4]
[140   2   2   1   4   1   1]
[416   1   4   2   4   2   4]
[369   2   3   5   4   5   2]
[319   2   3   3   4   5   1]
[236   0   2   5   3   2   1]
[390   1   4   1   4   1   2]
[604   0   5   5   1   5   1]
[88  2  1  4  3  4  1]
[107   2   1   5   2   3   2]
[442   1   4   3   4   3   4]
[36  2  1  2  3  2  1]
[540   0   5   2   4   1   1]
[325   0   3   4   1   1   1]
[469   2   4   4   4   5   4]
[446   0   4   3   5   2   2]
[212   2   2   4   3   3   2]
[424   2   4   2   5   5   1]
[481   0   4   5   2   2   1]
[438   1   4   3   3   4   2]
[196   2   2   3   5   2   1]
[2 2 1 1 1 3 1]
[421   2   4   2   5   2   4]
[521   2   5   1   5   2   1]
[312   1   3   3   3   3   4]
[161   2   2   2   3   2   2]
[147   2   2   1   5   3   1]
[213   2   2   4   3   4   1]
[519   2   5   1   4   5   1]
[571   0   5   3   5   2   2]
[407   0   4   2   2   3   2]
[261   2   3   1   3   2   2]
[463   0   4   4   3   4   1]
[469   2   4   4   4   5   4]
[608   0   5   5   2   4   1]
[105   0   1   5   2   1   1]
[487   0   4   5   3   3   1]
[140   2   2   1   4   1   1]
[83  2  1  4  2  4  2]
[280   0   3   2   2   1   1]
[78  1  1  4  1  4  8]
[128   2   2   1   1   4   1]
[416   1   4   2   4   2   4]
[511   2   5   1   3   2   4]
[162   2   2   2   3   3   1]
[157   2   2   2   2   3   1]
[624   1   5   5   5   5   2]
[12  2  1  1  3  3  1]
[5 2 1 1 2 1 8]
[444   2   4   3   4   5   1]
[96  2  1  4  5  2  1]
[449   2   4   3   5   5   1]
[241   0   2   5   4   2   2]
[85  0  1  4  3  1  1]
[251   0   3   1   1   2   4]
[326   0   3   4   1   2   1]
[50  0  1  3  1  1  1]
[5 2 1 1 2 1 8]
[506   0   5   1   2   2   2]
[30  1  1  2  2  1  4]
[79  2  1  4  1  5  8]
[622   0   5   5   5   3   1]
[283   2   3   2   2   4   2]
[594   1   5   4   4   5   2]
[62  2  1  3  3  3  1]
[408   1   4   2   2   4   2]
[231   0   2   5   2   2   1]
[115   0   1   5   4   1   2]
[359   0   3   5   2   5   2]
[120   1   1   5   5   1   4]
[120   1   1   5   5   1   4]
[286   1   3   2   3   2   2]
[307   0   3   3   2   3   1]
[622   0   5   5   5   3   1]
[353   0   3   5   1   4   1]
[354   0   3   5   1   5   1]
[442   1   4   3   4   3   4]
[247   2   2   5   5   3   2]
[339   2   3   4   3   5   2]
[305   0   3   3   2   1   1]
[311   0   3   3   3   2   1]
[256   2   3   1   2   2   4]
[5 2 1 1 2 1 8]
[186   1   2   3   3   2   4]
[284   2   3   2   2   5   1]
[494   1   4   5   4   5   4]
[364   1   3   5   3   5   4]
[264   2   3   1   3   5   1]
[417   2   4   2   4   3   1]
[267   2   3   1   4   3   1]
[432   0   4   3   2   3   1]
[78  1  1  4  1  4  8]
[234   1   2   5   2   5   4]
[415   0   4   2   4   1   1]
[216   1   2   4   4   2   4]
[623   0   5   5   5   4   8]
[135   2   2   1   3   1   2]
[316   0   3   3   4   2   2]
[262   2   3   1   3   3   4]
[211   0   2   4   3   2   4]
[77  0  1  4  1  3  2]
[576   0   5   4   1   2   1]
[453   0   4   4   1   4   1]
[155   0   2   2   2   1   1]
[2 2 1 1 1 3 1]
[198   2   2   3   5   4   1]
[599   2   5   4   5   5   1]
[338   1   3   4   3   4   4]
[184   2   2   3   2   5   1]
[10  2  1  1  3  1  1]
[104   1   1   5   1   5   4]
[610   0   5   5   3   1   1]
[543   2   5   2   4   4   1]
[342   1   3   4   4   3   4]
[211   0   2   4   3   2   4]
[465   0   4   4   4   1   1]
[324   2   3   3   5   5   1]
[496   0   4   5   5   2   1]
[90  1  1  4  4  1  4]
[229   0   2   5   1   5   1]
[369   2   3   5   4   5   2]
[430   0   4   3   2   1   1]
[420   0   4   2   5   1   4]
[581   0   5   4   2   2   1]
[18  2  1  1  4  4  1]
[612   0   5   5   3   3   1]
[148   2   2   1   5   4   1]
[234   1   2   5   2   5   4]
[507   2   5   1   2   3   8]
[568   2   5   3   4   4   1]
[533   0   5   2   2   4   4]
[434   0   4   3   2   5   2]
[372   1   3   5   5   3   1]
[301   0   3   3   1   2   1]
[13  2  1  1  3  4  1]
[22  2  1  1  5  3  1]
[565   0   5   3   4   1   1]
[130   1   2   1   2   1   4]
[241   0   2   5   4   2   2]
[47  2  1  2  5  3  1]
[377   0   4   1   1   3   2]
[97  2  1  4  5  3  1]
[364   1   3   5   3   5   4]
[382   2   4   1   2   3   1]
[623   0   5   5   5   4   8]
[420   0   4   2   5   1   4]
[26  1  1  2  1  2  2]
[13  2  1  1  3  4  1]
[72  2  1  3  5  3  1]
[346   0   3   4   5   2   1]
[593   0   5   4   4   4   4]
[154   2   2   2   1   5   2]
[149   2   2   1   5   5   1]
[453   0   4   4   1   4   1]
[364   1   3   5   3   5   4]
[270   2   3   1   5   1   1]
[462   0   4   4   3   3   1]
[198   2   2   3   5   4   1]
[245   0   2   5   5   1   1]
[281   0   3   2   2   2   1]
[623   0   5   5   5   4   8]
[60  1  1  3  3  1  1]
[421   2   4   2   5   2   4]
[604   0   5   5   1   5   1]
[493   0   4   5   4   4   2]
[54  2  1  3  1  5  1]
[104   1   1   5   1   5   4]
[612   0   5   5   3   3   1]
[251   0   3   1   1   2   4]
[174   2   2   2   5   5   1]
[245   0   2   5   5   1   1]
[99  2  1  4  5  5  1]
[234   1   2   5   2   5   4]
[312   1   3   3   3   3   4]
[364   1   3   5   3   5   4]
[270   2   3   1   5   1   1]
[144   2   2   1   4   5   1]
[79  2  1  4  1  5  8]
[224   2   2   4   5   5   1]
[438   1   4   3   3   4   2]
[373   2   3   5   5   4   2]
[527   0   5   2   1   3   1]
[81  1  1  4  2  2  2]
[417   2   4   2   4   3   1]
[62  2  1  3  3  3  1]
[536   0   5   2   3   2   1]
[508   2   5   1   2   4   1]
[310   0   3   3   3   1   1]
[173   2   2   2   5   4   1]
[333   0   3   4   2   4   1]
[440   0   4   3   4   1   1]
[476   0   4   5   1   2   1]
[131   2   2   1   2   2   4]
[593   0   5   4   4   4   4]
[518   2   5   1   4   4   1]
[371   0   3   5   5   2   1]
[422   2   4   2   5   3   1]
[214   2   2   4   3   5   1]
[574   2   5   3   5   5   1]
[30  1  1  2  2  1  4]
[350   0   3   5   1   1   1]
[330   0   3   4   2   1   1]
[106   0   1   5   2   2   2]
[469   2   4   4   4   5   4]
[79  2  1  4  1  5  8]
[364   1   3   5   3   5   4]
[469   2   4   4   4   5   4]
[174   2   2   2   5   5   1]
[140   2   2   1   4   1   1]
[90  1  1  4  4  1  4]
[81  1  1  4  2  2  2]
[98  2  1  4  5  4  1]
[89  2  1  4  3  5  1]
[338   1   3   4   3   4   4]
[229   0   2   5   1   5   1]
[327   0   3   4   1   3   1]
[103   0   1   5   1   4   2]
[131   2   2   1   2   2   4]
[204   0   2   4   1   5   1]
[234   1   2   5   2   5   4]
[286   1   3   2   3   2   2]
[328   0   3   4   1   4   1]
[13  2  1  1  3  4  1]
[165   1   2   2   4   1   4]
[176   0   2   3   1   2   1]
[246   1   2   5   5   2   1]
[452   0   4   4   1   3   1]
[5 2 1 1 2 1 8]
[206   0   2   4   2   2   2]
[465   0   4   4   4   1   1]
[172   2   2   2   5   3   1]
[152   0   2   2   1   3   1]
[177   0   2   3   1   3   1]
[131   2   2   1   2   2   4]
[354   0   3   5   1   5   1]
[58  2  1  3  2  4  2]
[1 2 1 1 1 2 1]
[145   2   2   1   5   1   1]
[5 2 1 1 2 1 8]
[287   2   3   2   3   3   1]
[282   1   3   2   2   3   4]
[201   0   2   4   1   2   1]
[71  2  1  3  5  2  1]
[82  2  1  4  2  3  1]
[113   2   1   5   3   4   1]
[529   0   5   2   1   5   2]
[541   0   5   2   4   2   4]
[385   0   4   1   3   1   2]
[341   0   3   4   4   2   1]
[351   0   3   5   1   2   1]
[223   2   2   4   5   4   1]
[404   0   4   2   1   5   2]
[167   2   2   2   4   3   1]
[165   1   2   2   4   1   4]
[623   0   5   5   5   4   8]
[509   2   5   1   2   5   1]
[487   0   4   5   3   3   1]
[269   2   3   1   4   5   1]
[316   0   3   3   4   2   2]
[604   0   5   5   1   5   1]
[369   2   3   5   4   5   2]
[548   2   5   2   5   4   1]
[259   2   3   1   2   5   1]
[182   1   2   3   2   3   1]
[546   1   5   2   5   2   1]
[487   0   4   5   3   3   1]
[408   1   4   2   2   4   2]
[224   2   2   4   5   5   1]
[191   2   2   3   4   2   2]
[181   0   2   3   2   2   1]
[165   1   2   2   4   1   4]
[507   2   5   1   2   3   8]
[196   2   2   3   5   2   1]
[435   0   4   3   3   1   1]
[75  0  1  4  1  1  1]
[21  2  1  1  5  2  1]
[532   0   5   2   2   3   1]
[152   0   2   2   1   3   1]
[551   0   5   3   1   2   1]
[347   2   3   4   5   3   4]
[213   2   2   4   3   4   1]
[234   1   2   5   2   5   4]
[224   2   2   4   5   5   1]
[67  2  1  3  4  3  1]
[589   0   5   4   3   5   2]
[5 2 1 1 2 1 8]
[234   1   2   5   2   5   4]
[105   0   1   5   2   1   1]
[206   0   2   4   2   2   2]
[191   2   2   3   4   2   2]
[372   1   3   5   5   3   1]
[442   1   4   3   4   3   4]
[165   1   2   2   4   1   4]
[87  2  1  4  3  3  1]
[343   2   3   4   4   4   1]
[153   1   2   2   1   4   4]
[573   2   5   3   5   4   2]
[68  2  1  3  4  4  1]
[4 2 1 1 1 5 1]
[318   2   3   3   4   4   1]
[256   2   3   1   2   2   4]
[217   2   2   4   4   3   1]
[531   0   5   2   2   2   1]
[308   0   3   3   2   4   1]
[441   0   4   3   4   2   2]
[571   0   5   3   5   2   2]
[567   0   5   3   4   3   2]
[233   0   2   5   2   4   2]
[167   2   2   2   4   3   1]
[110   0   1   5   3   1   2]
[57  2  1  3  2  3  1]
[129   2   2   1   1   5   1]
[594   1   5   4   4   5   2]
[204   0   2   4   1   5   1]
[553   0   5   3   1   4   1]
[457   0   4   4   2   3   1]
[391   2   4   1   4   2   1]
[208   1   2   4   2   4   4]
[441   0   4   3   4   2   2]
[367   0   3   5   4   3   1]
[261   2   3   1   3   2   2]
[416   1   4   2   4   2   4]
[557   0   5   3   2   3   1]
[296   2   3   2   5   2   1]
[571   0   5   3   5   2   2]
[468   1   4   4   4   4   4]
[267   2   3   1   4   3   1]
[0 1 1 1 1 1 2]
[439   2   4   3   3   5   2]
[77  0  1  4  1  3  2]
[66  2  1  3  4  2  1]
[46  2  1  2  5  2  1]
[515   0   5   1   4   1   2]
[511   2   5   1   3   2   4]
[168   2   2   2   4   4   1]
[347   2   3   4   5   3   4]
[79  2  1  4  1  5  8]
[154   2   2   2   1   5   2]
[282   1   3   2   2   3   4]
[57  2  1  3  2  3  1]
[294   2   3   2   4   5   1]
[485   0   4   5   3   1   1]
[311   0   3   3   3   2   1]
[516   2   5   1   4   2   1]
[375   0   4   1   1   1   1]
[288   2   3   2   3   4   1]
[368   2   3   5   4   4   1]
[278   0   3   2   1   4   1]
[109   2   1   5   2   5   1]
[579   0   5   4   1   5   1]
[492   0   4   5   4   3   1]
[263   2   3   1   3   4   1]
[262   2   3   1   3   3   4]
[576   0   5   4   1   2   1]
[70  2  1  3  5  1  1]
[112   2   1   5   3   3   1]
[460   0   4   4   3   1   1]
[594   1   5   4   4   5   2]
[390   1   4   1   4   1   2]
[412   2   4   2   3   3   1]
[421   2   4   2   5   2   4]
[104   1   1   5   1   5   4]
[107   2   1   5   2   3   2]
[593   0   5   4   4   4   4]
[241   0   2   5   4   2   2]
[364   1   3   5   3   5   4]
[185   0   2   3   3   1   1]
[147   2   2   1   5   3   1]
[549   2   5   2   5   5   1]
[339   2   3   4   3   5   2]
[83  2  1  4  2  4  2]
[321   2   3   3   5   2   4]
[611   0   5   5   3   2   1]
[156   1   2   2   2   2   4]
[404   0   4   2   1   5   2]
[215   0   2   4   4   1   1]
[286   1   3   2   3   2   2]
[382   2   4   1   2   3   1]
[396   2   4   1   5   2   1]
[156   1   2   2   2   2   4]
[70  2  1  3  5  1  1]
[5 2 1 1 2 1 8]
[28  2  1  2  1  4  2]
[262   2   3   1   3   3   4]
[538   2   5   2   3   4   1]
[534   1   5   2   2   5   2]
[619   0   5   5   4   5   4]
[361   0   3   5   3   2   1]
[141   2   2   1   4   2   1]
[5 2 1 1 2 1 8]
[35  2  1  2  3  1  4]
[436   0   4   3   3   2   1]
[594   1   5   4   4   5   2]
[7 2 1 1 2 3 1]
[78  1  1  4  1  4  8]
[140   2   2   1   4   1   1]
[268   2   3   1   4   4   1]
[318   2   3   3   4   4   1]
[115   0   1   5   4   1   2]
[170   2   2   2   5   1   2]
[507   2   5   1   2   3   8]
[78  1  1  4  1  4  8]
[84  2  1  4  2  5  1]
[256   2   3   1   2   2   4]
[10  2  1  1  3  1  1]
[605   0   5   5   2   1   1]
[619   0   5   5   4   5   4]
[210   0   2   4   3   1   1]
[374   2   3   5   5   5   1]
[233   0   2   5   2   4   2]
[313   2   3   3   3   4   2]
[370   0   3   5   5   1   2]
[341   0   3   4   4   2   1]
[559   0   5   3   2   5   1]
[441   0   4   3   4   2   2]
[379   2   4   1   1   5   1]
[89  2  1  4  3  5  1]
[60  1  1  3  3  1  1]
[51  0  1  3  1  2  1]
[42  2  1  2  4  3  1]
[338   1   3   4   3   4   4]
[599   2   5   4   5   5   1]
[367   0   3   5   4   3   1]
[562   0   5   3   3   3   1]
[577   0   5   4   1   3   1]
[589   0   5   4   3   5   2]
[542   2   5   2   4   3   2]
[462   0   4   4   3   3   1]
[49  2  1  2  5  5  1]
[200   0   2   4   1   1   1]
[534   1   5   2   2   5   2]
[261   2   3   1   3   2   2]
[495   0   4   5   5   1   1]
[405   0   4   2   2   1   1]
[148   2   2   1   5   4   1]
[560   0   5   3   3   1   1]
[503   0   5   1   1   4   1]
[268   2   3   1   4   4   1]
[464   0   4   4   3   5   2]
[253   2   3   1   1   4   2]
[24  2  1  1  5  5  1]
[145   2   2   1   5   1   1]
[256   2   3   1   2   2   4]
[467   0   4   4   4   3   2]
[89  2  1  4  3  5  1]
[146   2   2   1   5   2   1]
[612   0   5   5   3   3   1]
[507   2   5   1   2   3   8]
[395   2   4   1   5   1   2]
[406   0   4   2   2   2   1]
[220   0   2   4   5   1   2]
[130   1   2   1   2   1   4]
[149   2   2   1   5   5   1]
[91  2  1  4  4  2  1]
[99  2  1  4  5  5  1]
[77  0  1  4  1  3  2]
[352   0   3   5   1   3   1]
[12  2  1  1  3  3  1]
[561   0   5   3   3   2   1]
[442   1   4   3   4   3   4]
