[254   2   3   1   1   5   2]
[74  2  1  3  5  5  1]
[43  2  1  2  4  4  1]
[621   0   5   5   5   2   1]
[504   1   5   1   1   5   1]
[21  2  1  1  5  2  1]
[392   2   4   1   4   3   1]
[241   0   2   5   4   2   2]
[146   2   2   1   5   2   1]
[275   0   3   2   1   1   1]
[478   0   4   5   1   4   1]
[286   1   3   2   3   2   1]
[158   2   2   2   2   4   1]
[407   0   4   2   2   3   2]
[104   1   1   5   1   5   1]
[426   0   4   3   1   2   1]
[572   1   5   3   5   3   1]
[510   0   5   1   3   1   1]
[90  1  1  4  4  1  2]
[111   2   1   5   3   2   1]
[567   0   5   3   4   3   2]
[242   2   2   5   4   3   1]
[308   0   3   3   2   4   1]
[526   0   5   2   1   2   1]
[39  2  1  2  3  5  1]
[544   2   5   2   4   5   1]
[274   2   3   1   5   5   1]
[474   2   4   4   5   5   1]
[262   2   3   1   3   3   4]
[602   0   5   5   1   3   1]
[567   0   5   3   4   3   2]
[61  2  1  3  3  2  1]
[223   2   2   4   5   4   1]
[480   0   4   5   2   1   1]
[442   1   4   3   4   3   1]
[299   2   3   2   5   5   1]
[369   2   3   5   4   5   1]
[176   0   2   3   1   2   1]
[55  0  1  3  2  1  1]
[427   0   4   3   1   3   1]
[413   2   4   2   3   4   1]
[35  2  1  2  3  1  2]
[360   0   3   5   3   1   1]
[88  2  1  4  3  4  1]
[100   0   1   5   1   1   1]
[117   2   1   5   4   3   1]
[433   0   4   3   2   4   1]
[496   0   4   5   5   2   1]
[366   0   3   5   4   2   1]
[325   0   3   4   1   1   1]
[30  1  1  2  2  1  1]
[284   2   3   2   2   5   1]
[504   1   5   1   1   5   1]
[0 1 1 1 1 1 2]
[547   2   5   2   5   3   1]
[252   1   3   1   1   3   2]
[183   2   2   3   2   4   1]
[564   1   5   3   3   5   1]
[218   2   2   4   4   4   1]
[5 2 1 1 2 1 2]
[32  2  1  2  2  3  2]
[23  2  1  1  5  4  1]
[461   0   4   4   3   2   1]
[624   1   5   5   5   5   2]
[582   0   5   4   2   3   1]
[333   0   3   4   2   4   1]
[301   0   3   3   1   2   1]
[584   0   5   4   2   5   1]
[397   2   4   1   5   3   1]
[251   0   3   1   1   2   1]
[349   2   3   4   5   5   1]
[384   2   4   1   2   5   1]
[306   0   3   3   2   2   1]
[515   0   5   1   4   1   2]
[472   0   4   4   5   3   1]
[536   0   5   2   3   2   1]
[109   2   1   5   2   5   1]
[370   0   3   5   5   1   1]
[321   2   3   3   5   2   1]
[508   2   5   1   2   4   1]
[405   0   4   2   2   1   1]
[180   0   2   3   2   1   1]
[66  2  1  3  4  2  1]
[144   2   2   1   4   5   1]
[299   2   3   2   5   5   1]
[183   2   2   3   2   4   1]
[221   2   2   4   5   2   2]
[122   2   1   5   5   3   1]
[298   2   3   2   5   4   1]
[154   2   2   2   1   5   2]
[559   0   5   3   2   5   1]
[67  2  1  3  4  3  1]
[262   2   3   1   3   3   4]
[530   0   5   2   2   1   1]
[40  2  1  2  4  1  1]
[456   0   4   4   2   2   1]
[601   0   5   5   1   2   1]
[597   0   5   4   5   3   1]
[547   2   5   2   5   3   1]
[42  2  1  2  4  3  1]
[564   1   5   3   3   5   1]
[267   2   3   1   4   3   1]
[559   0   5   3   2   5   1]
[518   2   5   1   4   4   1]
[151   0   2   2   1   2   1]
[343   2   3   4   4   4   1]
[371   0   3   5   5   2   1]
[256   2   3   1   2   2   2]
[555   0   5   3   2   1   1]
[473   2   4   4   5   4   1]
[309   2   3   3   2   5   1]
[463   0   4   4   3   4   1]
[75  0  1  4  1  1  1]
[261   2   3   1   3   2   2]
[240   0   2   5   4   1   1]
[4 2 1 1 1 5 1]
[110   0   1   5   3   1   2]
[186   1   2   3   3   2   2]
[333   0   3   4   2   4   1]
[617   0   5   5   4   3   1]
[33  2  1  2  2  4  1]
[332   0   3   4   2   3   1]
[374   2   3   5   5   5   1]
[323   2   3   3   5   4   1]
[15  2  1  1  4  1  1]
[511   2   5   1   3   2   2]
[11  2  1  1  3  2  1]
[90  1  1  4  4  1  2]
[277   0   3   2   1   3   1]
[463   0   4   4   3   4   1]
[11  2  1  1  3  2  1]
[3 2 1 1 1 4 1]
[332   0   3   4   2   3   1]
[561   0   5   3   3   2   1]
[529   0   5   2   1   5   1]
[404   0   4   2   1   5   1]
[368   2   3   5   4   4   1]
[502   0   5   1   1   3   1]
[265   2   3   1   4   1   1]
[371   0   3   5   5   2   1]
[397   2   4   1   5   3   1]
[499   2   4   5   5   5   1]
[288   2   3   2   3   4   1]
[209   2   2   4   2   5   1]
[245   0   2   5   5   1   1]
[191   2   2   3   4   2   2]
[297   2   3   2   5   3   1]
[230   0   2   5   2   1   1]
[127   2   2   1   1   3   2]
[406   0   4   2   2   2   1]
[337   0   3   4   3   3   2]
[202   0   2   4   1   3   1]
[68  2  1  3  4  4  1]
[373   2   3   5   5   4   1]
[532   0   5   2   2   3   1]
[388   2   4   1   3   4   1]
[145   2   2   1   5   1   1]
[556   0   5   3   2   2   1]
[604   0   5   5   1   5   1]
[432   0   4   3   2   3   1]
[465   0   4   4   4   1   1]
[426   0   4   3   1   2   1]
[540   0   5   2   4   1   1]
[336   0   3   4   3   2   1]
[299   2   3   2   5   5   1]
[133   2   2   1   2   4   1]
[337   0   3   4   3   3   2]
[597   0   5   4   5   3   1]
[154   2   2   2   1   5   2]
[254   2   3   1   1   5   2]
[418   2   4   2   4   4   1]
[590   0   5   4   4   1   1]
[600   0   5   5   1   1   1]
[564   1   5   3   3   5   1]
[126   1   2   1   1   2   1]
[396   2   4   1   5   2   1]
[373   2   3   5   5   4   1]
[559   0   5   3   2   5   1]
[509   2   5   1   2   5   1]
[130   1   2   1   2   1   2]
[75  0  1  4  1  1  1]
[283   2   3   2   2   4   1]
[528   0   5   2   1   4   1]
[370   0   3   5   5   1   1]
[305   0   3   3   2   1   1]
[360   0   3   5   3   1   1]
[314   2   3   3   3   5   1]
[319   2   3   3   4   5   1]
[30  1  1  2  2  1  1]
[64  2  1  3  3  5  1]
[315   0   3   3   4   1   1]
[173   2   2   2   5   4   1]
[476   0   4   5   1   2   1]
[200   0   2   4   1   1   1]
[379   2   4   1   1   5   1]
[448   2   4   3   5   4   1]
[615   0   5   5   4   1   1]
[398   2   4   1   5   4   1]
[297   2   3   2   5   3   1]
[18  2  1  1  4  4  1]
[451   0   4   4   1   2   1]
[592   0   5   4   4   3   1]
[464   0   4   4   3   5   1]
[483   0   4   5   2   4   1]
[78  1  1  4  1  4  2]
[11  2  1  1  3  2  1]
[268   2   3   1   4   4   1]
[204   0   2   4   1   5   1]
[177   0   2   3   1   3   1]
[447   2   4   3   5   3   2]
[96  2  1  4  5  2  1]
[582   0   5   4   2   3   1]
[447   2   4   3   5   3   2]
[524   2   5   1   5   5   1]
[342   1   3   4   4   3   2]
[86  2  1  4  3  2  2]
[216   1   2   4   4   2   2]
[330   0   3   4   2   1   1]
[337   0   3   4   3   3   2]
[428   0   4   3   1   4   1]
[395   2   4   1   5   1   2]
[452   0   4   4   1   3   1]
[437   0   4   3   3   3   2]
[330   0   3   4   2   1   1]
[115   0   1   5   4   1   2]
[203   0   2   4   1   4   1]
[266   2   3   1   4   2   1]
[123   2   1   5   5   4   1]
[340   0   3   4   4   1   1]
[224   2   2   4   5   5   1]
[256   2   3   1   2   2   2]
[447   2   4   3   5   3   2]
[507   2   5   1   2   3   1]
[407   0   4   2   2   3   2]
[327   0   3   4   1   3   1]
[297   2   3   2   5   3   1]
[108   2   1   5   2   4   1]
[93  2  1  4  4  4  1]
[579   0   5   4   1   5   1]
[224   2   2   4   5   5   1]
[29  2  1  2  1  5  1]
[182   1   2   3   2   3   1]
[58  2  1  3  2  4  2]
[5 2 1 1 2 1 2]
[601   0   5   5   1   2   1]
[343   2   3   4   4   4   1]
[290   0   3   2   4   1   1]
[393   2   4   1   4   4   1]
[447   2   4   3   5   3   2]
[363   0   3   5   3   4   1]
[52  1  1  3  1  3  1]
[58  2  1  3  2  4  2]
[52  1  1  3  1  3  1]
[374   2   3   5   5   5   1]
[605   0   5   5   2   1   1]
[69  2  1  3  4  5  1]
[47  2  1  2  5  3  1]
[373   2   3   5   5   4   1]
[121   2   1   5   5   2   2]
[170   2   2   2   5   1   1]
[153   1   2   2   1   4   2]
[192   2   2   3   4   3   1]
[419   2   4   2   4   5   1]
[421   2   4   2   5   2   2]
[140   2   2   1   4   1   1]
[221   2   2   4   5   2   2]
[439   2   4   3   3   5   1]
[554   0   5   3   1   5   1]
[110   0   1   5   3   1   2]
[588   0   5   4   3   4   1]
[43  2  1  2  4  4  1]
[355   0   3   5   2   1   1]
[506   0   5   1   2   2   1]
[300   0   3   3   1   1   1]
[230   0   2   5   2   1   1]
[304   0   3   3   1   5   1]
[571   0   5   3   5   2   1]
[303   0   3   3   1   4   1]
[120   1   1   5   5   1   1]
[235   0   2   5   3   1   1]
[624   1   5   5   5   5   2]
[493   0   4   5   4   4   1]
[208   1   2   4   2   4   2]
[265   2   3   1   4   1   1]
[346   0   3   4   5   2   1]
[544   2   5   2   4   5   1]
[505   0   5   1   2   1   1]
[233   0   2   5   2   4   1]
[463   0   4   4   3   4   1]
[299   2   3   2   5   5   1]
[215   0   2   4   4   1   1]
[513   2   5   1   3   4   1]
[45  2  1  2  5  1  1]
[313   2   3   3   3   4   1]
[181   0   2   3   2   2   1]
[149   2   2   1   5   5   1]
[477   0   4   5   1   3   1]
[384   2   4   1   2   5   1]
[120   1   1   5   5   1   1]
[471   0   4   4   5   2   1]
[429   0   4   3   1   5   1]
[405   0   4   2   2   1   1]
[187   2   2   3   3   3   1]
[101   0   1   5   1   2   1]
[359   0   3   5   2   5   1]
[155   0   2   2   2   1   1]
[138   2   2   1   3   4   1]
[152   0   2   2   1   3   1]
[48  2  1  2  5  4  1]
[407   0   4   2   2   3   2]
[420   0   4   2   5   1   1]
[616   0   5   5   4   2   1]
[426   0   4   3   1   2   1]
[599   2   5   4   5   5   1]
[241   0   2   5   4   2   2]
[182   1   2   3   2   3   1]
[155   0   2   2   2   1   1]
[96  2  1  4  5  2  1]
[60  1  1  3  3  1  1]
[354   0   3   5   1   5   1]
[207   0   2   4   2   3   1]
[405   0   4   2   2   1   1]
[433   0   4   3   2   4   1]
[156   1   2   2   2   2   2]
[18  2  1  1  4  4  1]
[21  2  1  1  5  2  1]
[558   0   5   3   2   4   1]
[339   2   3   4   3   5   1]
[273   2   3   1   5   4   1]
[152   0   2   2   1   3   1]
[467   0   4   4   4   3   1]
[50  0  1  3  1  1  1]
[424   2   4   2   5   5   1]
[260   1   3   1   3   1   2]
[165   1   2   2   4   1   1]
[221   2   2   4   5   2   2]
[209   2   2   4   2   5   1]
[59  2  1  3  2  5  1]
[435   0   4   3   3   1   1]
[98  2  1  4  5  4  1]
[390   1   4   1   4   1   1]
[89  2  1  4  3  5  1]
[261   2   3   1   3   2   2]
[0 1 1 1 1 1 2]
[437   0   4   3   3   3   2]
[95  2  1  4  5  1  1]
[268   2   3   1   4   4   1]
[394   2   4   1   4   5   1]
[101   0   1   5   1   2   1]
[55  0  1  3  2  1  1]
[490   0   4   5   4   1   1]
[197   2   2   3   5   3   1]
[29  2  1  2  1  5  1]
[52  1  1  3  1  3  1]
[516   2   5   1   4   2   1]
[451   0   4   4   1   2   1]
[584   0   5   4   2   5   1]
[137   2   2   1   3   3   1]
[48  2  1  2  5  4  1]
[115   0   1   5   4   1   2]
[599   2   5   4   5   5   1]
[336   0   3   4   3   2   1]
[239   2   2   5   3   5   1]
[541   0   5   2   4   2   2]
[583   0   5   4   2   4   1]
[427   0   4   3   1   3   1]
[198   2   2   3   5   4   1]
[400   0   4   2   1   1   1]
[581   0   5   4   2   2   1]
[376   0   4   1   1   2   1]
[531   0   5   2   2   2   1]
[593   0   5   4   4   4   1]
[472   0   4   4   5   3   1]
[517   2   5   1   4   3   1]
[398   2   4   1   5   4   1]
[110   0   1   5   3   1   2]
[412   2   4   2   3   3   1]
[260   1   3   1   3   1   2]
[262   2   3   1   3   3   4]
[52  1  1  3  1  3  1]
[136   2   2   1   3   2   1]
[115   0   1   5   4   1   2]
[262   2   3   1   3   3   4]
[51  0  1  3  1  2  1]
[579   0   5   4   1   5   1]
[587   0   5   4   3   3   1]
[548   2   5   2   5   4   1]
[599   2   5   4   5   5   1]
[60  1  1  3  3  1  1]
[159   2   2   2   2   5   1]
[612   0   5   5   3   3   1]
[242   2   2   5   4   3   1]
[581   0   5   4   2   2   1]
[270   2   3   1   5   1   1]
[429   0   4   3   1   5   1]
[84  2  1  4  2  5  1]
[194   2   2   3   4   5   1]
[515   0   5   1   4   1   2]
[385   0   4   1   3   1   1]
[304   0   3   3   1   5   1]
[484   0   4   5   2   5   1]
[303   0   3   3   1   4   1]
[160   0   2   2   3   1   1]
[81  1  1  4  2  2  1]
[554   0   5   3   1   5   1]
[496   0   4   5   5   2   1]
[253   2   3   1   1   4   1]
[288   2   3   2   3   4   1]
[624   1   5   5   5   5   2]
[214   2   2   4   3   5   1]
[380   0   4   1   2   1   1]
[159   2   2   2   2   5   1]
[425   0   4   3   1   1   1]
[49  2  1  2  5  5  1]
[246   1   2   5   5   2   1]
[365   0   3   5   4   1   1]
[186   1   2   3   3   2   2]
[421   2   4   2   5   2   2]
[249   2   2   5   5   5   1]
[228   0   2   5   1   4   1]
[148   2   2   1   5   4   1]
[181   0   2   3   2   2   1]
[35  2  1  2  3  1  2]
[412   2   4   2   3   3   1]
[469   2   4   4   4   5   2]
[221   2   2   4   5   2   2]
[262   2   3   1   3   3   4]
[441   0   4   3   4   2   1]
[453   0   4   4   1   4   1]
[90  1  1  4  4  1  2]
[413   2   4   2   3   4   1]
[609   0   5   5   2   5   1]
[241   0   2   5   4   2   2]
[587   0   5   4   3   3   1]
[343   2   3   4   4   4   1]
[143   2   2   1   4   4   1]
[531   0   5   2   2   2   1]
[127   2   2   1   1   3   2]
[312   1   3   3   3   3   2]
[535   0   5   2   3   1   1]
[206   0   2   4   2   2   1]
[624   1   5   5   5   5   2]
[233   0   2   5   2   4   1]
[103   0   1   5   1   4   1]
[297   2   3   2   5   3   1]
[57  2  1  3  2  3  1]
[395   2   4   1   5   1   2]
[90  1  1  4  4  1  2]
[216   1   2   4   4   2   2]
[142   2   2   1   4   3   1]
[427   0   4   3   1   3   1]
[46  2  1  2  5  2  1]
[433   0   4   3   2   4   1]
[299   2   3   2   5   5   1]
[399   2   4   1   5   5   1]
[295   0   3   2   5   1   1]
[619   0   5   5   4   5   2]
[31  2  1  2  2  2  1]
[259   2   3   1   2   5   1]
[542   2   5   2   4   3   1]
[573   2   5   3   5   4   1]
[330   0   3   4   2   1   1]
[464   0   4   4   3   5   1]
[517   2   5   1   4   3   1]
[240   0   2   5   4   1   1]
[364   1   3   5   3   5   1]
[572   1   5   3   5   3   1]
[380   0   4   1   2   1   1]
[364   1   3   5   3   5   1]
[520   1   5   1   5   1   1]
[360   0   3   5   3   1   1]
[588   0   5   4   3   4   1]
[121   2   1   5   5   2   2]
[265   2   3   1   4   1   1]
[33  2  1  2  2  4  1]
[97  2  1  4  5  3  1]
[459   0   4   4   2   5   1]
[418   2   4   2   4   4   1]
[24  2  1  1  5  5  1]
[258   2   3   1   2   4   1]
[362   0   3   5   3   3   1]
[335   0   3   4   3   1   1]
[282   1   3   2   2   3   2]
[132   2   2   1   2   3   1]
[426   0   4   3   1   2   1]
[413   2   4   2   3   4   1]
[527   0   5   2   1   3   1]
[111   2   1   5   3   2   1]
[139   2   2   1   3   5   1]
[585   0   5   4   3   1   1]
[0 1 1 1 1 1 2]
[549   2   5   2   5   5   1]
[277   0   3   2   1   3   1]
[609   0   5   5   2   5   1]
[389   2   4   1   3   5   1]
[190   0   2   3   4   1   1]
[91  2  1  4  4  2  1]
[159   2   2   2   2   5   1]
[592   0   5   4   4   3   1]
[421   2   4   2   5   2   2]
[79  2  1  4  1  5  2]
[300   0   3   3   1   1   1]
[118   2   1   5   4   4   1]
[49  2  1  2  5  5  1]
[12  2  1  1  3  3  1]
[419   2   4   2   4   5   1]
[180   0   2   3   2   1   1]
[411   0   4   2   3   2   2]
[130   1   2   1   2   1   2]
[454   0   4   4   1   5   1]
[595   0   5   4   5   1   1]
[533   0   5   2   2   4   1]
[438   1   4   3   3   4   1]
[612   0   5   5   3   3   1]
[25  0  1  2  1  1  1]
[226   0   2   5   1   2   1]
[66  2  1  3  4  2  1]
[498   1   4   5   5   4   1]
[514   2   5   1   3   5   1]
[214   2   2   4   3   5   1]
[316   0   3   3   4   2   2]
[245   0   2   5   5   1   1]
[587   0   5   4   3   3   1]
[620   0   5   5   5   1   1]
[176   0   2   3   1   2   1]
[45  2  1  2  5  1  1]
[320   0   3   3   5   1   1]
[178   0   2   3   1   4   1]
[393   2   4   1   4   4   1]
[131   2   2   1   2   2   4]
[517   2   5   1   4   3   1]
[46  2  1  2  5  2  1]
[585   0   5   4   3   1   1]
[390   1   4   1   4   1   1]
[342   1   3   4   4   3   2]
[52  1  1  3  1  3  1]
[147   2   2   1   5   3   1]
[463   0   4   4   3   4   1]
[450   0   4   4   1   1   1]
[590   0   5   4   4   1   1]
[31  2  1  2  2  2  1]
[377   0   4   1   1   3   2]
[116   2   1   5   4   2   1]
[204   0   2   4   1   5   1]
[123   2   1   5   5   4   1]
[347   2   3   4   5   3   2]
[211   0   2   4   3   2   1]
[468   1   4   4   4   4   2]
[80  0  1  4  2  1  1]
[161   2   2   2   3   2   1]
[603   0   5   5   1   4   1]
[616   0   5   5   4   2   1]
[187   2   2   3   3   3   1]
[540   0   5   2   4   1   1]
[192   2   2   3   4   3   1]
[412   2   4   2   3   3   1]
[330   0   3   4   2   1   1]
[191   2   2   3   4   2   2]
[481   0   4   5   2   2   1]
[319   2   3   3   4   5   1]
[51  0  1  3  1  2  1]
[125   0   2   1   1   1   1]
[534   1   5   2   2   5   1]
[494   1   4   5   4   5   1]
[21  2  1  1  5  2  1]
[557   0   5   3   2   3   1]
[623   0   5   5   5   4   2]
[254   2   3   1   1   5   2]
[140   2   2   1   4   1   1]
[471   0   4   4   5   2   1]
[337   0   3   4   3   3   2]
[28  2  1  2  1  4  1]
[578   0   5   4   1   4   1]
[20  2  1  1  5  1  1]
[98  2  1  4  5  4  1]
[234   1   2   5   2   5   1]
[329   0   3   4   1   5   1]
[336   0   3   4   3   2   1]
[119   2   1   5   4   5   1]
[52  1  1  3  1  3  1]
[252   1   3   1   1   3   2]
[464   0   4   4   3   5   1]
[35  2  1  2  3  1  2]
[57  2  1  3  2  3  1]
[111   2   1   5   3   2   1]
[109   2   1   5   2   5   1]
[298   2   3   2   5   4   1]
[360   0   3   5   3   1   1]
[4 2 1 1 1 5 1]
[495   0   4   5   5   1   1]
[491   0   4   5   4   2   1]
[213   2   2   4   3   4   1]
[194   2   2   3   4   5   1]
[277   0   3   2   1   3   1]
[473   2   4   4   5   4   1]
[567   0   5   3   4   3   2]
[459   0   4   4   2   5   1]
[374   2   3   5   5   5   1]
[88  2  1  4  3  4  1]
[539   2   5   2   3   5   1]
[172   2   2   2   5   3   1]
[135   2   2   1   3   1   1]
[270   2   3   1   5   1   1]
[588   0   5   4   3   4   1]
[454   0   4   4   1   5   1]
[0 1 1 1 1 1 2]
[332   0   3   4   2   3   1]
[616   0   5   5   4   2   1]
[600   0   5   5   1   1   1]
[191   2   2   3   4   2   2]
[622   0   5   5   5   3   1]
[152   0   2   2   1   3   1]
[249   2   2   5   5   5   1]
[280   0   3   2   2   1   1]
[310   0   3   3   3   1   1]
[418   2   4   2   4   4   1]
[406   0   4   2   2   2   1]
[499   2   4   5   5   5   1]
[434   0   4   3   2   5   2]
[375   0   4   1   1   1   1]
[236   0   2   5   3   2   1]
[410   0   4   2   3   1   1]
[246   1   2   5   5   2   1]
[606   0   5   5   2   2   1]
[166   2   2   2   4   2   1]
