[411   0   4   2   3   2   4]
[306   0   3   3   2   2   1]
[555   0   5   3   2   1   1]
[41  2  1  2  4  2  1]
[212   2   2   4   3   3   2]
[245   0   2   5   5   1   1]
[384   2   4   1   2   5   1]
[286   1   3   2   3   2   2]
[50  0  1  3  1  1  1]
[377   0   4   1   1   3   4]
[384   2   4   1   2   5   1]
[577   0   5   4   1   3   1]
[564   1   5   3   3   5   4]
[379   2   4   1   1   5   2]
[455   0   4   4   2   1   1]
[207   0   2   4   2   3   2]
[228   0   2   5   1   4   1]
[403   0   4   2   1   4   1]
[321   2   3   3   5   2   8]
[437   0   4   3   3   3   8]
[506   0   5   1   2   2   2]
[536   0   5   2   3   2   1]
[90  1  1  4  4  1  4]
[161   2   2   2   3   2   4]
[448   2   4   3   5   4   1]
[33  2  1  2  2  4  1]
[251   0   3   1   1   2   4]
[395   2   4   1   5   1   4]
[569   2   5   3   4   5   2]
[303   0   3   3   1   4   1]
[590   0   5   4   4   1   1]
[373   2   3   5   5   4   2]
[529   0   5   2   1   5   4]
[485   0   4   5   3   1   1]
[30  1  1  2  2  1  4]
[437   0   4   3   3   3   8]
[412   2   4   2   3   3   1]
[524   2   5   1   5   5   1]
[623   0   5   5   5   4   8]
[317   2   3   3   4   3   1]
[359   0   3   5   2   5   4]
[324   2   3   3   5   5   1]
[56  2  1  3  2  2  8]
[313   2   3   3   3   4   4]
[489   0   4   5   3   5   1]
[190   0   2   3   4   1   2]
[229   0   2   5   1   5   1]
[254   2   3   1   1   5   2]
[161   2   2   2   3   2   4]
[419   2   4   2   4   5   1]
[438   1   4   3   3   4   2]
[419   2   4   2   4   5   1]
[90  1  1  4  4  1  4]
[569   2   5   3   4   5   2]
[224   2   2   4   5   5   1]
[381   1   4   1   2   2   1]
[509   2   5   1   2   5   1]
[437   0   4   3   3   3   8]
[161   2   2   2   3   2   4]
[364   1   3   5   3   5   4]
[79  2  1  4  1  5  8]
[0 1 1 1 1 1 4]
[30  1  1  2  2  1  4]
[203   0   2   4   1   4   1]
[338   1   3   4   3   4   4]
[65  2  1  3  4  1  2]
[252   1   3   1   1   3   2]
[408   1   4   2   2   4   2]
[382   2   4   1   2   3   1]
[442   1   4   3   4   3   4]
[97  2  1  4  5  3  1]
[286   1   3   2   3   2   2]
[93  2  1  4  4  4  1]
[128   2   2   1   1   4   1]
[421   2   4   2   5   2   4]
[69  2  1  3  4  5  1]
[227   0   2   5   1   3   1]
[506   0   5   1   2   2   2]
[567   0   5   3   4   3   2]
[234   1   2   5   2   5   4]
[404   0   4   2   1   5   2]
[562   0   5   3   3   3   1]
[605   0   5   5   2   1   1]
[585   0   5   4   3   1   1]
[309   2   3   3   2   5   2]
[370   0   3   5   5   1   2]
[533   0   5   2   2   4   4]
[571   0   5   3   5   2   2]
[499   2   4   5   5   5   4]
[107   2   1   5   2   3   2]
[411   0   4   2   3   2   4]
[119   2   1   5   4   5   1]
[1 2 1 1 1 2 2]
[529   0   5   2   1   5   4]
[592   0   5   4   4   3   1]
[166   2   2   2   4   2   2]
[508   2   5   1   2   4   1]
[25  0  1  2  1  1  2]
[409   2   4   2   2   5   2]
[233   0   2   5   2   4   2]
[202   0   2   4   1   3   1]
[192   2   2   3   4   3   1]
[79  2  1  4  1  5  8]
[50  0  1  3  1  1  1]
[91  2  1  4  4  2  2]
[167   2   2   2   4   3   1]
[426   0   4   3   1   2   1]
[543   2   5   2   4   4   1]
[97  2  1  4  5  3  1]
[226   0   2   5   1   2   1]
[395   2   4   1   5   1   4]
[524   2   5   1   5   5   1]
[231   0   2   5   2   2   1]
[56  2  1  3  2  2  8]
[466   0   4   4   4   2   1]
[510   0   5   1   3   1   1]
[213   2   2   4   3   4   1]
[214   2   2   4   3   5   1]
[163   2   2   2   3   4   1]
[212   2   2   4   3   3   2]
[437   0   4   3   3   3   8]
[593   0   5   4   4   4   4]
[90  1  1  4  4  1  4]
[355   0   3   5   2   1   1]
[480   0   4   5   2   1   1]
[359   0   3   5   2   5   4]
[313   2   3   3   3   4   4]
[186   1   2   3   3   2   4]
[69  2  1  3  4  5  1]
[120   1   1   5   5   1   4]
[474   2   4   4   5   5   1]
[475   0   4   5   1   1   1]
[256   2   3   1   2   2   4]
[502   0   5   1   1   3   2]
[208   1   2   4   2   4   4]
[403   0   4   2   1   4   1]
[566   0   5   3   4   2   1]
[413   2   4   2   3   4   1]
[355   0   3   5   2   1   1]
[312   1   3   3   3   3   4]
[120   1   1   5   5   1   4]
[494   1   4   5   4   5   4]
[437   0   4   3   3   3   8]
[168   2   2   2   4   4   1]
[102   0   1   5   1   3   2]
[172   2   2   2   5   3   1]
[186   1   2   3   3   2   4]
[30  1  1  2  2  1  4]
[313   2   3   3   3   4   4]
[303   0   3   3   1   4   1]
[156   1   2   2   2   2   4]
[80  0  1  4  2  1  1]
[498   1   4   5   5   4   4]
[117   2   1   5   4   3   1]
[416   1   4   2   4   2   4]
[129   2   2   1   1   5   1]
[419   2   4   2   4   5   1]
[359   0   3   5   2   5   4]
[623   0   5   5   5   4   8]
[422   2   4   2   5   3   1]
[56  2  1  3  2  2  8]
[79  2  1  4  1  5  8]
[188   2   2   3   3   4   1]
[185   0   2   3   3   1   1]
[317   2   3   3   4   3   1]
[156   1   2   2   2   2   4]
[449   2   4   3   5   5   1]
[585   0   5   4   3   1   1]
[199   2   2   3   5   5   1]
[435   0   4   3   3   1   1]
[499   2   4   5   5   5   4]
[85  0  1  4  3  1  2]
[338   1   3   4   3   4   4]
[477   0   4   5   1   3   1]
[377   0   4   1   1   3   4]
[165   1   2   2   4   1   4]
[28  2  1  2  1  4  4]
[623   0   5   5   5   4   8]
[569   2   5   3   4   5   2]
[511   2   5   1   3   2   4]
[411   0   4   2   3   2   4]
[332   0   3   4   2   3   1]
[556   0   5   3   2   2   1]
[484   0   4   5   2   5   1]
[277   0   3   2   1   3   1]
[170   2   2   2   5   1   2]
[221   2   2   4   5   2   2]
[229   0   2   5   1   5   1]
[438   1   4   3   3   4   2]
[205   0   2   4   2   1   1]
[45  2  1  2  5  1  1]
[5 2 1 1 2 1 8]
[333   0   3   4   2   4   1]
[547   2   5   2   5   3   1]
[50  0  1  3  1  1  1]
[184   2   2   3   2   5   2]
[593   0   5   4   4   4   4]
[56  2  1  3  2  2  8]
[434   0   4   3   2   5   4]
[167   2   2   2   4   3   1]
[546   1   5   2   5   2   2]
[409   2   4   2   2   5   2]
[132   2   2   1   2   3   1]
[35  2  1  2  3  1  8]
[5 2 1 1 2 1 8]
[255   0   3   1   2   1   1]
[438   1   4   3   3   4   2]
[35  2  1  2  3  1  8]
[167   2   2   2   4   3   1]
[211   0   2   4   3   2   4]
[198   2   2   3   5   4   1]
[494   1   4   5   4   5   4]
[12  2  1  1  3  3  1]
[57  2  1  3  2  3  1]
[377   0   4   1   1   3   4]
[378   1   4   1   1   4   1]
[160   0   2   2   3   1   2]
[155   0   2   2   2   1   1]
[212   2   2   4   3   3   2]
[564   1   5   3   3   5   4]
[125   0   2   1   1   1   4]
[211   0   2   4   3   2   4]
[161   2   2   2   3   2   4]
[78  1  1  4  1  4  8]
[377   0   4   1   1   3   4]
[182   1   2   3   2   3   1]
[482   0   4   5   2   3   1]
[35  2  1  2  3  1  8]
[60  1  1  3  3  1  1]
[89  2  1  4  3  5  1]
[97  2  1  4  5  3  1]
[374   2   3   5   5   5   1]
[282   1   3   2   2   3   4]
[312   1   3   3   3   3   4]
[159   2   2   2   2   5   1]
[218   2   2   4   4   4   1]
[468   1   4   4   4   4   4]
[458   0   4   4   2   4   1]
[364   1   3   5   3   5   4]
[197   2   2   3   5   3   1]
[515   0   5   1   4   1   4]
[461   0   4   4   3   2   1]
[417   2   4   2   4   3   1]
[443   2   4   3   4   4   1]
[187   2   2   3   3   3   1]
[55  0  1  3  2  1  1]
[395   2   4   1   5   1   4]
[256   2   3   1   2   2   4]
[186   1   2   3   3   2   4]
[38  2  1  2  3  4  1]
[65  2  1  3  4  1  2]
[511   2   5   1   3   2   4]
[369   2   3   5   4   5   2]
[58  2  1  3  2  4  2]
[42  2  1  2  4  3  1]
[163   2   2   2   3   4   1]
[153   1   2   2   1   4   4]
[284   2   3   2   2   5   1]
[193   2   2   3   4   4   1]
[33  2  1  2  2  4  1]
[254   2   3   1   1   5   2]
[104   1   1   5   1   5   4]
[442   1   4   3   4   3   4]
[570   0   5   3   5   1   1]
[57  2  1  3  2  3  1]
[161   2   2   2   3   2   4]
[447   2   4   3   5   3   2]
[289   2   3   2   3   5   1]
[17  2  1  1  4  3  1]
[345   0   3   4   5   1   1]
[399   2   4   1   5   5   1]
[616   0   5   5   4   2   1]
[398   2   4   1   5   4   1]
[430   0   4   3   2   1   1]
[265   2   3   1   4   1   1]
[361   0   3   5   3   2   1]
[96  2  1  4  5  2  1]
[617   0   5   5   4   3   1]
[282   1   3   2   2   3   4]
[228   0   2   5   1   4   1]
[439   2   4   3   3   5   4]
[547   2   5   2   5   3   1]
[276   0   3   2   1   2   1]
[125   0   2   1   1   1   4]
[197   2   2   3   5   3   1]
[602   0   5   5   1   3   1]
[289   2   3   2   3   5   1]
[486   0   4   5   3   2   1]
[29  2  1  2  1  5  1]
[206   0   2   4   2   2   2]
[8 2 1 1 2 4 1]
[411   0   4   2   3   2   4]
[181   0   2   3   2   2   1]
[139   2   2   1   3   5   1]
[308   0   3   3   2   4   2]
[343   2   3   4   4   4   1]
[573   2   5   3   5   4   2]
[208   1   2   4   2   4   4]
[400   0   4   2   1   1   1]
[591   0   5   4   4   2   1]
[175   0   2   3   1   1   1]
[227   0   2   5   1   3   1]
[56  2  1  3  2  2  8]
[303   0   3   3   1   4   1]
[103   0   1   5   1   4   4]
[267   2   3   1   4   3   1]
[487   0   4   5   3   3   1]
[416   1   4   2   4   2   4]
[467   0   4   4   4   3   4]
[517   2   5   1   4   3   1]
[238   2   2   5   3   4   1]
[420   0   4   2   5   1   4]
[623   0   5   5   5   4   8]
[506   0   5   1   2   2   2]
[534   1   5   2   2   5   4]
[172   2   2   2   5   3   1]
[30  1  1  2  2  1  4]
[206   0   2   4   2   2   2]
[551   0   5   3   1   2   1]
[307   0   3   3   2   3   2]
[523   2   5   1   5   4   1]
[35  2  1  2  3  1  8]
[424   2   4   2   5   5   1]
[214   2   2   4   3   5   1]
[409   2   4   2   2   5   2]
[216   1   2   4   4   2   4]
[268   2   3   1   4   4   1]
[67  2  1  3  4  3  1]
[103   0   1   5   1   4   4]
[623   0   5   5   5   4   8]
[542   2   5   2   4   3   2]
[284   2   3   2   2   5   1]
[316   0   3   3   4   2   2]
[595   0   5   4   5   1   1]
[103   0   1   5   1   4   4]
[327   0   3   4   1   3   1]
[567   0   5   3   4   3   2]
[377   0   4   1   1   3   4]
[126   1   2   1   1   2   2]
[504   1   5   1   1   5   4]
[530   0   5   2   2   1   1]
[253   2   3   1   1   4   2]
[309   2   3   3   2   5   2]
[418   2   4   2   4   4   1]
[81  1  1  4  2  2  2]
[275   0   3   2   1   1   1]
[72  2  1  3  5  3  1]
[56  2  1  3  2  2  8]
[59  2  1  3  2  5  1]
[56  2  1  3  2  2  8]
[411   0   4   2   3   2   4]
[233   0   2   5   2   4   2]
[256   2   3   1   2   2   4]
[65  2  1  3  4  1  2]
[39  2  1  2  3  5  1]
[35  2  1  2  3  1  8]
[602   0   5   5   1   3   1]
[306   0   3   3   2   2   1]
[261   2   3   1   3   2   2]
[55  0  1  3  2  1  1]
[91  2  1  4  4  2  2]
[444   2   4   3   4   5   1]
[529   0   5   2   1   5   4]
[495   0   4   5   5   1   1]
[110   0   1   5   3   1   2]
[78  1  1  4  1  4  8]
[66  2  1  3  4  2  1]
[211   0   2   4   3   2   4]
[594   1   5   4   4   5   2]
[203   0   2   4   1   4   1]
[515   0   5   1   4   1   4]
[278   0   3   2   1   4   1]
[76  0  1  4  1  2  2]
[494   1   4   5   4   5   4]
[265   2   3   1   4   1   1]
[515   0   5   1   4   1   4]
[161   2   2   2   3   2   4]
[125   0   2   1   1   1   4]
[420   0   4   2   5   1   4]
[492   0   4   5   4   3   1]
[516   2   5   1   4   2   1]
[99  2  1  4  5  5  1]
[341   0   3   4   4   2   1]
[499   2   4   5   5   5   4]
[364   1   3   5   3   5   4]
[195   0   2   3   5   1   2]
[191   2   2   3   4   2   2]
[131   2   2   1   2   2   4]
[509   2   5   1   2   5   1]
[61  2  1  3  3  2  1]
[5 2 1 1 2 1 8]
[576   0   5   4   1   2   1]
[195   0   2   3   5   1   2]
[508   2   5   1   2   4   1]
[331   0   3   4   2   2   1]
[591   0   5   4   4   2   1]
[91  2  1  4  4  2  2]
[277   0   3   2   1   3   1]
[23  2  1  1  5  4  1]
[520   1   5   1   5   1   2]
[376   0   4   1   1   2   1]
[78  1  1  4  1  4  8]
[499   2   4   5   5   5   4]
[312   1   3   3   3   3   4]
[547   2   5   2   5   3   1]
[511   2   5   1   3   2   4]
[12  2  1  1  3  3  1]
[338   1   3   4   3   4   4]
[161   2   2   2   3   2   4]
[338   1   3   4   3   4   4]
[470   0   4   4   5   1   1]
[313   2   3   3   3   4   4]
[486   0   4   5   3   2   1]
[311   0   3   3   3   2   1]
[540   0   5   2   4   1   1]
[79  2  1  4  1  5  8]
[541   0   5   2   4   2   4]
[321   2   3   3   5   2   8]
[131   2   2   1   2   2   4]
[391   2   4   1   4   2   1]
[589   0   5   4   3   5   2]
[6 2 1 1 2 2 1]
[153   1   2   2   1   4   4]
[335   0   3   4   3   1   1]
[234   1   2   5   2   5   4]
[131   2   2   1   2   2   4]
[420   0   4   2   5   1   4]
[59  2  1  3  2  5  1]
[370   0   3   5   5   1   2]
[623   0   5   5   5   4   8]
[217   2   2   4   4   3   1]
[125   0   2   1   1   1   4]
[252   1   3   1   1   3   2]
[68  2  1  3  4  4  1]
[119   2   1   5   4   5   1]
[83  2  1  4  2  4  2]
[446   0   4   3   5   2   2]
[15  2  1  1  4  1  1]
[219   2   2   4   4   5   1]
[42  2  1  2  4  3  1]
[234   1   2   5   2   5   4]
[331   0   3   4   2   2   1]
[53  2  1  3  1  4  1]
[260   1   3   1   3   1   2]
[281   0   3   2   2   2   2]
[246   1   2   5   5   2   2]
[75  0  1  4  1  1  1]
[86  2  1  4  3  2  2]
[186   1   2   3   3   2   4]
[574   2   5   3   5   5   1]
[192   2   2   3   4   3   1]
[515   0   5   1   4   1   4]
[121   2   1   5   5   2   2]
[261   2   3   1   3   2   2]
[470   0   4   4   5   1   1]
[394   2   4   1   4   5   1]
[364   1   3   5   3   5   4]
[272   2   3   1   5   3   1]
[298   2   3   2   5   4   1]
[440   0   4   3   4   1   1]
[94  2  1  4  4  5  1]
[453   0   4   4   1   4   1]
[241   0   2   5   4   2   2]
[286   1   3   2   3   2   2]
[86  2  1  4  3  2  2]
[574   2   5   3   5   5   1]
[187   2   2   3   3   3   1]
[194   2   2   3   4   5   1]
[53  2  1  3  1  4  1]
[211   0   2   4   3   2   4]
[523   2   5   1   5   4   1]
[548   2   5   2   5   4   1]
[262   2   3   1   3   3   4]
[277   0   3   2   1   3   1]
[277   0   3   2   1   3   1]
[338   1   3   4   3   4   4]
[5 2 1 1 2 1 8]
[348   2   3   4   5   4   1]
[41  2  1  2  4  2  1]
[206   0   2   4   2   2   2]
[113   2   1   5   3   4   1]
[582   0   5   4   2   3   1]
[578   0   5   4   1   4   1]
[424   2   4   2   5   5   1]
[5 2 1 1 2 1 8]
[573   2   5   3   5   4   2]
[312   1   3   3   3   3   4]
[409   2   4   2   2   5   2]
[260   1   3   1   3   1   2]
[71  2  1  3  5  2  1]
[200   0   2   4   1   1   1]
[561   0   5   3   3   2   1]
[100   0   1   5   1   1   1]
[56  2  1  3  2  2  8]
[140   2   2   1   4   1   1]
[514   2   5   1   3   5   1]
[315   0   3   3   4   1   1]
[269   2   3   1   4   5   1]
[254   2   3   1   1   5   2]
[78  1  1  4  1  4  8]
[446   0   4   3   5   2   2]
[395   2   4   1   5   1   4]
[319   2   3   3   4   5   1]
[88  2  1  4  3  4  1]
[161   2   2   2   3   2   4]
[373   2   3   5   5   4   2]
[442   1   4   3   4   3   4]
[184   2   2   3   2   5   2]
[586   0   5   4   3   2   1]
[199   2   2   3   5   5   1]
[212   2   2   4   3   3   2]
[294   2   3   2   4   5   1]
[423   2   4   2   5   4   1]
[308   0   3   3   2   4   2]
[259   2   3   1   2   5   1]
[357   0   3   5   2   3   1]
[100   0   1   5   1   1   1]
[335   0   3   4   3   1   1]
[483   0   4   5   2   4   1]
[5 2 1 1 2 1 8]
[154   2   2   2   1   5   2]
[0 1 1 1 1 1 4]
[565   0   5   3   4   1   1]
[76  0  1  4  1  2  2]
[56  2  1  3  2  2  8]
[115   0   1   5   4   1   2]
[552   0   5   3   1   3   1]
[24  2  1  1  5  5  1]
[149   2   2   1   5   5   1]
[233   0   2   5   2   4   2]
[86  2  1  4  3  2  2]
[569   2   5   3   4   5   2]
[410   0   4   2   3   1   1]
[618   0   5   5   4   4   1]
[421   2   4   2   5   2   4]
[347   2   3   4   5   3   4]
[430   0   4   3   2   1   1]
[334   0   3   4   2   5   1]
[605   0   5   5   2   1   1]
[183   2   2   3   2   4   1]
[161   2   2   2   3   2   4]
[528   0   5   2   1   4   1]
[61  2  1  3  3  2  1]
[594   1   5   4   4   5   2]
[604   0   5   5   1   5   1]
[222   2   2   4   5   3   1]
[211   0   2   4   3   2   4]
[116   2   1   5   4   2   1]
[595   0   5   4   5   1   1]
[203   0   2   4   1   4   1]
[28  2  1  2  1  4  4]
[293   2   3   2   4   4   1]
[397   2   4   1   5   3   1]
[342   1   3   4   4   3   4]
[522   2   5   1   5   3   1]
[246   1   2   5   5   2   2]
[364   1   3   5   3   5   4]
[485   0   4   5   3   1   1]
[56  2  1  3  2  2  8]
[593   0   5   4   4   4   4]
[164   2   2   2   3   5   1]
[445   0   4   3   5   1   1]
[555   0   5   3   2   1   1]
[216   1   2   4   4   2   4]
[271   2   3   1   5   2   1]
[344   2   3   4   4   5   1]
[530   0   5   2   2   1   1]
[208   1   2   4   2   4   4]
[523   2   5   1   5   4   1]
[307   0   3   3   2   3   2]
[377   0   4   1   1   3   4]
[15  2  1  1  4  1  1]
[153   1   2   2   1   4   4]
[193   2   2   3   4   4   1]
[403   0   4   2   1   4   1]
[354   0   3   5   1   5   1]
[22  2  1  1  5  3  1]
[321   2   3   3   5   2   8]
[166   2   2   2   4   2   2]
[79  2  1  4  1  5  8]
[21  2  1  1  5  2  1]
[243   2   2   5   4   4   1]
[5 2 1 1 2 1 8]
[507   2   5   1   2   3   8]
[235   0   2   5   3   1   1]
[235   0   2   5   3   1   1]
[13  2  1  1  3  4  1]
[119   2   1   5   4   5   1]
[469   2   4   4   4   5   4]
[319   2   3   3   4   5   1]
[81  1  1  4  2  2  2]
[135   2   2   1   3   1   2]
[44  2  1  2  4  5  1]
[321   2   3   3   5   2   8]
[207   0   2   4   2   3   2]
[292   2   3   2   4   3   1]
[0 1 1 1 1 1 4]
[165   1   2   2   4   1   4]
[337   0   3   4   3   3   4]
[565   0   5   3   4   1   1]
[156   1   2   2   2   2   4]
[421   2   4   2   5   2   4]
[520   1   5   1   5   1   2]
[221   2   2   4   5   2   2]
[364   1   3   5   3   5   4]
[46  2  1  2  5  2  1]
[611   0   5   5   3   2   1]
[144   2   2   1   4   5   1]
[272   2   3   1   5   3   1]
[492   0   4   5   4   3   1]
[367   0   3   5   4   3   1]
[405   0   4   2   2   1   1]
[573   2   5   3   5   4   2]
[594   1   5   4   4   5   2]
[283   2   3   2   2   4   4]
[233   0   2   5   2   4   2]
[360   0   3   5   3   1   1]
[455   0   4   4   2   1   1]
[371   0   3   5   5   2   1]
[468   1   4   4   4   4   4]
[123   2   1   5   5   4   1]
[564   1   5   3   3   5   4]
[391   2   4   1   4   2   1]
[104   1   1   5   1   5   4]
[416   1   4   2   4   2   4]
