[247   2   2   5   5   3   4]
[182   1   2   3   2   3   4]
[381   1   4   1   2   2   4]
[35  2  1  2  3  1 16]
[181   0   2   3   2   2   8]
[525   0   5   2   1   1   1]
[341   0   3   4   4   2   1]
[268   2   3   1   4   4   1]
[60  1  1  3  3  1  2]
[428   0   4   3   1   4   1]
[414   2   4   2   3   5   1]
[404   0   4   2   1   5   2]
[502   0   5   1   1   3   2]
[280   0   3   2   2   1   1]
[228   0   2   5   1   4   1]
[485   0   4   5   3   1   1]
[379   2   4   1   1   5   8]
[82  2  1  4  2  3  2]
[252   1   3   1   1   3   4]
[26  1  1  2  1  2  4]
[395   2   4   1   5   1   4]
[56  2  1  3  2  2  8]
[315   0   3   3   4   1   1]
[361   0   3   5   3   2   1]
[253   2   3   1   1   4   8]
[504   1   5   1   1   5   8]
[133   2   2   1   2   4   1]
[437   0   4   3   3   3   8]
[79  2  1  4  1  5  8]
[241   0   2   5   4   2   4]
[170   2   2   2   5   1   4]
[420   0   4   2   5   1   8]
[106   0   1   5   2   2   4]
[85  0  1  4  3  1  4]
[231   0   2   5   2   2   1]
[260   1   3   1   3   1   8]
[279   0   3   2   1   5   1]
[87  2  1  4  3  3  1]
[211   0   2   4   3   2   8]
[181   0   2   3   2   2   8]
[54  2  1  3  1  5  1]
[281   0   3   2   2   2   4]
[194   2   2   3   4   5   1]
[303   0   3   3   1   4   1]
[181   0   2   3   2   2   8]
[121   2   1   5   5   2   2]
[186   1   2   3   3   2   4]
[260   1   3   1   3   1   8]
[617   0   5   5   4   3   1]
[500   0   5   1   1   1   1]
[162   2   2   2   3   3   1]
[613   0   5   5   3   4   1]
[294   2   3   2   4   5   1]
[13  2  1  1  3  4  1]
[222   2   2   4   5   3   1]
[127   2   2   1   1   3   2]
[488   0   4   5   3   4   1]
[31  2  1  2  2  2  1]
[79  2  1  4  1  5  8]
[154   2   2   2   1   5   4]
[467   0   4   4   4   3   8]
[364   1   3   5   3   5   4]
[338   1   3   4   3   4   4]
[556   0   5   3   2   2   1]
[325   0   3   4   1   1   1]
[279   0   3   2   1   5   1]
[276   0   3   2   1   2   1]
[307   0   3   3   2   3   8]
[125   0   2   1   1   1   8]
[317   2   3   3   4   3   2]
[430   0   4   3   2   1   1]
[573   2   5   3   5   4   2]
[0 1 1 1 1 1 8]
[135   2   2   1   3   1   8]
[191   2   2   3   4   2   4]
[462   0   4   4   3   3   1]
[307   0   3   3   2   3   8]
[120   1   1   5   5   1  16]
[623   0   5   5   5   4   8]
[592   0   5   4   4   3   1]
[494   1   4   5   4   5   4]
[619   0   5   5   4   5   4]
[35  2  1  2  3  1 16]
[194   2   2   3   4   5   1]
[203   0   2   4   1   4   1]
[438   1   4   3   3   4   4]
[181   0   2   3   2   2   8]
[563   0   5   3   3   4   2]
[467   0   4   4   4   3   8]
[321   2   3   3   5   2   8]
[318   2   3   3   4   4   1]
[267   2   3   1   4   3   1]
[208   1   2   4   2   4   4]
[25  0  1  2  1  1  4]
[196   2   2   3   5   2   1]
[359   0   3   5   2   5   4]
[185   0   2   3   3   1   1]
[427   0   4   3   1   3   1]
[35  2  1  2  3  1 16]
[83  2  1  4  2  4  4]
[194   2   2   3   4   5   1]
[341   0   3   4   4   2   1]
[108   2   1   5   2   4   1]
[160   0   2   2   3   1   8]
[408   1   4   2   2   4   8]
[454   0   4   4   1   5   1]
[261   2   3   1   3   2   2]
[270   2   3   1   5   1   1]
[321   2   3   3   5   2   8]
[195   0   2   3   5   1   8]
[80  0  1  4  2  1  2]
[413   2   4   2   3   4   2]
[128   2   2   1   1   4   2]
[89  2  1  4  3  5  1]
[523   2   5   1   5   4   1]
[448   2   4   3   5   4   1]
[247   2   2   5   5   3   4]
[262   2   3   1   3   3   4]
[170   2   2   2   5   1   4]
[244   2   2   5   4   5   1]
[151   0   2   2   1   2   2]
[195   0   2   3   5   1   8]
[442   1   4   3   4   3   8]
[12  2  1  1  3  3  1]
[282   1   3   2   2   3   4]
[344   2   3   4   4   5   1]
[190   0   2   3   4   1   2]
[191   2   2   3   4   2   4]
[147   2   2   1   5   3   1]
[494   1   4   5   4   5   4]
[30  1  1  2  2  1  4]
[434   0   4   3   2   5   8]
[146   2   2   1   5   2   1]
[320   0   3   3   5   1   2]
[179   0   2   3   1   5   1]
[77  0  1  4  1  3  4]
[470   0   4   4   5   1   1]
[493   0   4   5   4   4   2]
[68  2  1  3  4  4  1]
[83  2  1  4  2  4  4]
[434   0   4   3   2   5   8]
[125   0   2   1   1   1   8]
[373   2   3   5   5   4   2]
[28  2  1  2  1  4  4]
[81  1  1  4  2  2  4]
[447   2   4   3   5   3   4]
[515   0   5   1   4   1  16]
[462   0   4   4   3   3   1]
[101   0   1   5   1   2   1]
[467   0   4   4   4   3   8]
[157   2   2   2   2   3   4]
[35  2  1  2  3  1 16]
[65  2  1  3  4  1  4]
[246   1   2   5   5   2   4]
[282   1   3   2   2   3   4]
[529   0   5   2   1   5   4]
[442   1   4   3   4   3   8]
[522   2   5   1   5   3   1]
[469   2   4   4   4   5   8]
[385   0   4   1   3   1   2]
[321   2   3   3   5   2   8]
[28  2  1  2  1  4  4]
[623   0   5   5   5   4   8]
[390   1   4   1   4   1   2]
[183   2   2   3   2   4   4]
[347   2   3   4   5   3   8]
[461   0   4   4   3   2   1]
[282   1   3   2   2   3   4]
[73  2  1  3  5  4  1]
[0 1 1 1 1 1 8]
[434   0   4   3   2   5   8]
[494   1   4   5   4   5   4]
[241   0   2   5   4   2   4]
[467   0   4   4   4   3   8]
[26  1  1  2  1  2  4]
[261   2   3   1   3   2   2]
[207   0   2   4   2   3   2]
[216   1   2   4   4   2   8]
[78  1  1  4  1  4  8]
[318   2   3   3   4   4   1]
[339   2   3   4   3   5   2]
[246   1   2   5   5   2   4]
[446   0   4   3   5   2   4]
[400   0   4   2   1   1   1]
[78  1  1  4  1  4  8]
[529   0   5   2   1   5   4]
[541   0   5   2   4   2   8]
[539   2   5   2   3   5   1]
[268   2   3   1   4   4   1]
[88  2  1  4  3  4  1]
[211   0   2   4   3   2   8]
[415   0   4   2   4   1   4]
[494   1   4   5   4   5   4]
[118   2   1   5   4   4   1]
[515   0   5   1   4   1  16]
[216   1   2   4   4   2   8]
[287   2   3   2   3   3   1]
[74  2  1  3  5  5  1]
[467   0   4   4   4   3   8]
[43  2  1  2  4  4  1]
[434   0   4   3   2   5   8]
[515   0   5   1   4   1  16]
[322   2   3   3   5   3   1]
[190   0   2   3   4   1   2]
[342   1   3   4   4   3   8]
[371   0   3   5   5   2   2]
[156   1   2   2   2   2   4]
[56  2  1  3  2  2  8]
[508   2   5   1   2   4   1]
[92  2  1  4  4  3  1]
[381   1   4   1   2   2   4]
[281   0   3   2   2   2   4]
[490   0   4   5   4   1   1]
[23  2  1  1  5  4  1]
[412   2   4   2   3   3   2]
[420   0   4   2   5   1   8]
[262   2   3   1   3   3   4]
[103   0   1   5   1   4   8]
[434   0   4   3   2   5   8]
[420   0   4   2   5   1   8]
[497   0   4   5   5   3   1]
[137   2   2   1   3   3   1]
[565   0   5   3   4   1   1]
[194   2   2   3   4   5   1]
[321   2   3   3   5   2   8]
[594   1   5   4   4   5   4]
[281   0   3   2   2   2   4]
[537   0   5   2   3   3   1]
[157   2   2   2   2   3   4]
[321   2   3   3   5   2   8]
[511   2   5   1   3   2   4]
[342   1   3   4   4   3   8]
[308   0   3   3   2   4   2]
[79  2  1  4  1  5  8]
[408   1   4   2   2   4   8]
[558   0   5   3   2   4   1]
[90  1  1  4  4  1  4]
[283   2   3   2   2   4   4]
[233   0   2   5   2   4   2]
[264   2   3   1   3   5   1]
[72  2  1  3  5  3  1]
[160   0   2   2   3   1   8]
[119   2   1   5   4   5   1]
[498   1   4   5   5   4   4]
[253   2   3   1   1   4   8]
[191   2   2   3   4   2   4]
[520   1   5   1   5   1   2]
[446   0   4   3   5   2   4]
[408   1   4   2   2   4   8]
[192   2   2   3   4   3   1]
[330   0   3   4   2   1   1]
[515   0   5   1   4   1  16]
[332   0   3   4   2   3   1]
[408   1   4   2   2   4   8]
[86  2  1  4  3  2  2]
[260   1   3   1   3   1   8]
[337   0   3   4   3   3   4]
[154   2   2   2   1   5   4]
[256   2   3   1   2   2   8]
[347   2   3   4   5   3   8]
[403   0   4   2   1   4   2]
[442   1   4   3   4   3   8]
[447   2   4   3   5   3   4]
[191   2   2   3   4   2   4]
[508   2   5   1   2   4   1]
[308   0   3   3   2   4   2]
[507   2   5   1   2   3   8]
[56  2  1  3  2  2  8]
[421   2   4   2   5   2   8]
[469   2   4   4   4   5   8]
[154   2   2   2   1   5   4]
[150   0   2   2   1   1   1]
[170   2   2   2   5   1   4]
[515   0   5   1   4   1  16]
[347   2   3   4   5   3   8]
[102   0   1   5   1   3   2]
[280   0   3   2   2   1   1]
[170   2   2   2   5   1   4]
[186   1   2   3   3   2   4]
[286   1   3   2   3   2   2]
[22  2  1  1  5  3  1]
[291   2   3   2   4   2   1]
[326   0   3   4   1   2   1]
[183   2   2   3   2   4   4]
[283   2   3   2   2   4   4]
[533   0   5   2   2   4   8]
[604   0   5   5   1   5   1]
[321   2   3   3   5   2   8]
[281   0   3   2   2   2   4]
[35  2  1  2  3  1 16]
[534   1   5   2   2   5   8]
[364   1   3   5   3   5   4]
[107   2   1   5   2   3   4]
[589   0   5   4   3   5   4]
[80  0  1  4  2  1  2]
[312   1   3   3   3   3   8]
[379   2   4   1   1   5   8]
[495   0   4   5   5   1   1]
[65  2  1  3  4  1  4]
[467   0   4   4   4   3   8]
[395   2   4   1   5   1   4]
[177   0   2   3   1   3   1]
[48  2  1  2  5  4  1]
[120   1   1   5   5   1  16]
[456   0   4   4   2   2   1]
[321   2   3   3   5   2   8]
[316   0   3   3   4   2   4]
[336   0   3   4   3   2   1]
[307   0   3   3   2   3   8]
[401   0   4   2   1   2   1]
[366   0   3   5   4   2   1]
[290   0   3   2   4   1   1]
[598   1   5   4   5   4   1]
[35  2  1  2  3  1 16]
[441   0   4   3   4   2   2]
[551   0   5   3   1   2   1]
[498   1   4   5   5   4   4]
[240   0   2   5   4   1   1]
[251   0   3   1   1   2   8]
[65  2  1  3  4  1  4]
[607   0   5   5   2   3   1]
[117   2   1   5   4   3   1]
[99  2  1  4  5  5  1]
[468   1   4   4   4   4   4]
[181   0   2   3   2   2   8]
[103   0   1   5   1   4   8]
[440   0   4   3   4   1   1]
[183   2   2   3   2   4   4]
[0 1 1 1 1 1 8]
[262   2   3   1   3   3   4]
[95  2  1  4  5  1  2]
[477   0   4   5   1   3   1]
[220   0   2   4   5   1   4]
[471   0   4   4   5   2   1]
[421   2   4   2   5   2   8]
[130   1   2   1   2   1   4]
[120   1   1   5   5   1  16]
[467   0   4   4   4   3   8]
[241   0   2   5   4   2   4]
[338   1   3   4   3   4   4]
[6 2 1 1 2 2 1]
[438   1   4   3   3   4   4]
[439   2   4   3   3   5   8]
[106   0   1   5   2   2   4]
[474   2   4   4   5   5   1]
[442   1   4   3   4   3   8]
[80  0  1  4  2  1  2]
[206   0   2   4   2   2   2]
[28  2  1  2  1  4  4]
[548   2   5   2   5   4   1]
[480   0   4   5   2   1   1]
[186   1   2   3   3   2   4]
[341   0   3   4   4   2   1]
[600   0   5   5   1   1   1]
[166   2   2   2   4   2   2]
[103   0   1   5   1   4   8]
[208   1   2   4   2   4   4]
[416   1   4   2   4   2   4]
[506   0   5   1   2   2   2]
[515   0   5   1   4   1  16]
[89  2  1  4  3  5  1]
[594   1   5   4   4   5   4]
[607   0   5   5   2   3   1]
[504   1   5   1   1   5   8]
[496   0   4   5   5   2   1]
[170   2   2   2   5   1   4]
[1 2 1 1 1 2 4]
[502   0   5   1   1   3   2]
[593   0   5   4   4   4   4]
[304   0   3   3   1   5   1]
[415   0   4   2   4   1   4]
[145   2   2   1   5   1   1]
[176   0   2   3   1   2   1]
[56  2  1  3  2  2  8]
[96  2  1  4  5  2  1]
[282   1   3   2   2   3   4]
[122   2   1   5   5   3   1]
[268   2   3   1   4   4   1]
[407   0   4   2   2   3   2]
[421   2   4   2   5   2   8]
[262   2   3   1   3   3   4]
[220   0   2   4   5   1   4]
[541   0   5   2   4   2   8]
[255   0   3   1   2   1   4]
[313   2   3   3   3   4   4]
[363   0   3   5   3   4   2]
[109   2   1   5   2   5   1]
[400   0   4   2   1   1   1]
[585   0   5   4   3   1   1]
[73  2  1  3  5  4  1]
[85  0  1  4  3  1  4]
[478   0   4   5   1   4   1]
[321   2   3   3   5   2   8]
[22  2  1  1  5  3  1]
[260   1   3   1   3   1   8]
[178   0   2   3   1   4   1]
[534   1   5   2   2   5   8]
[403   0   4   2   1   4   2]
[321   2   3   3   5   2   8]
[312   1   3   3   3   3   8]
[201   0   2   4   1   2   1]
[182   1   2   3   2   3   4]
[495   0   4   5   5   1   1]
[35  2  1  2  3  1 16]
[613   0   5   5   3   4   1]
[569   2   5   3   4   5   4]
[45  2  1  2  5  1  1]
[534   1   5   2   2   5   8]
[572   1   5   3   5   3   1]
[515   0   5   1   4   1  16]
[233   0   2   5   2   4   2]
[321   2   3   3   5   2   8]
[359   0   3   5   2   5   4]
[185   0   2   3   3   1   1]
[65  2  1  3  4  1  4]
[64  2  1  3  3  5  1]
[342   1   3   4   4   3   8]
[143   2   2   1   4   4   1]
[235   0   2   5   3   1   1]
[200   0   2   4   1   1   1]
[226   0   2   5   1   2   1]
[489   0   4   5   3   5   2]
[503   0   5   1   1   4   1]
[516   2   5   1   4   2   1]
[342   1   3   4   4   3   8]
[266   2   3   1   4   2   1]
[120   1   1   5   5   1  16]
[611   0   5   5   3   2   1]
[557   0   5   3   2   3   1]
[216   1   2   4   4   2   8]
[440   0   4   3   4   1   1]
[85  0  1  4  3  1  4]
[83  2  1  4  2  4  4]
[253   2   3   1   1   4   8]
[163   2   2   2   3   4   1]
[167   2   2   2   4   3   1]
[332   0   3   4   2   3   1]
[359   0   3   5   2   5   4]
[515   0   5   1   4   1  16]
[79  2  1  4  1  5  8]
[30  1  1  2  2  1  4]
[439   2   4   3   3   5   8]
[103   0   1   5   1   4   8]
[284   2   3   2   2   5   1]
[146   2   2   1   5   2   1]
[439   2   4   3   3   5   8]
[180   0   2   3   2   1   1]
[236   0   2   5   3   2   1]
[621   0   5   5   5   2   1]
[211   0   2   4   3   2   8]
[141   2   2   1   4   2   1]
[241   0   2   5   4   2   4]
[287   2   3   2   3   3   1]
[56  2  1  3  2  2  8]
[515   0   5   1   4   1  16]
[318   2   3   3   4   4   1]
[289   2   3   2   3   5   1]
[6 2 1 1 2 2 1]
[591   0   5   4   4   2   1]
[593   0   5   4   4   4   4]
[202   0   2   4   1   3   1]
[307   0   3   3   2   3   8]
[513   2   5   1   3   4   2]
[253   2   3   1   1   4   8]
[116   2   1   5   4   2   1]
[500   0   5   1   1   1   1]
[295   0   3   2   5   1   1]
[515   0   5   1   4   1  16]
[35  2  1  2  3  1 16]
[439   2   4   3   3   5   8]
[439   2   4   3   3   5   8]
[87  2  1  4  3  3  1]
[437   0   4   3   3   3   8]
[569   2   5   3   4   5   4]
[409   2   4   2   2   5   2]
[588   0   5   4   3   4   1]
[165   1   2   2   4   1   4]
[35  2  1  2  3  1 16]
[467   0   4   4   4   3   8]
[525   0   5   2   1   1   1]
[216   1   2   4   4   2   8]
[416   1   4   2   4   2   4]
[623   0   5   5   5   4   8]
[441   0   4   3   4   2   2]
[473   2   4   4   5   4   1]
[120   1   1   5   5   1  16]
[393   2   4   1   4   4   1]
[623   0   5   5   5   4   8]
[166   2   2   2   4   2   2]
[44  2  1  2  4  5  1]
[222   2   2   4   5   3   1]
[337   0   3   4   3   3   4]
[182   1   2   3   2   3   4]
[307   0   3   3   2   3   8]
[342   1   3   4   4   3   8]
[599   2   5   4   5   5   1]
[379   2   4   1   1   5   8]
[286   1   3   2   3   2   2]
[382   2   4   1   2   3   1]
[135   2   2   1   3   1   8]
[125   0   2   1   1   1   8]
[504   1   5   1   1   5   8]
[79  2  1  4  1  5  8]
[338   1   3   4   3   4   4]
[396   2   4   1   5   2   1]
[326   0   3   4   1   2   1]
[445   0   4   3   5   1   1]
[44  2  1  2  4  5  1]
[47  2  1  2  5  3  1]
[605   0   5   5   2   1   1]
[251   0   3   1   1   2   8]
[30  1  1  2  2  1  4]
[138   2   2   1   3   4   1]
[45  2  1  2  5  1  1]
[415   0   4   2   4   1   4]
[349   2   3   4   5   5   1]
[160   0   2   2   3   1   8]
[183   2   2   3   2   4   4]
[458   0   4   4   2   4   1]
[91  2  1  4  4  2  2]
[216   1   2   4   4   2   8]
[165   1   2   2   4   1   4]
[251   0   3   1   1   2   8]
[515   0   5   1   4   1  16]
[438   1   4   3   3   4   4]
[0 1 1 1 1 1 8]
[126   1   2   1   1   2   4]
[395   2   4   1   5   1   4]
[499   2   4   5   5   5   4]
[515   0   5   1   4   1  16]
[201   0   2   4   1   2   1]
[216   1   2   4   4   2   8]
[581   0   5   4   2   2   1]
[305   0   3   3   2   1   1]
[420   0   4   2   5   1   8]
[470   0   4   4   5   1   1]
[399   2   4   1   5   5   1]
[310   0   3   3   3   1   1]
[216   1   2   4   4   2   8]
[263   2   3   1   3   4   1]
[221   2   2   4   5   2   2]
[125   0   2   1   1   1   8]
[554   0   5   3   1   5   1]
[17  2  1  1  4  3  1]
[256   2   3   1   2   2   8]
[82  2  1  4  2  3  2]
[608   0   5   5   2   4   1]
[306   0   3   3   2   2   1]
[191   2   2   3   4   2   4]
[120   1   1   5   5   1  16]
[534   1   5   2   2   5   8]
[604   0   5   5   1   5   1]
[295   0   3   2   5   1   1]
[317   2   3   3   4   3   2]
[506   0   5   1   2   2   2]
[105   0   1   5   2   1   1]
[305   0   3   3   2   1   1]
[540   0   5   2   4   1   1]
[434   0   4   3   2   5   8]
[401   0   4   2   1   2   1]
[321   2   3   3   5   2   8]
[374   2   3   5   5   5   1]
[244   2   2   5   4   5   1]
[450   0   4   4   1   1   1]
[1 2 1 1 1 2 4]
[330   0   3   4   2   1   1]
[533   0   5   2   2   4   8]
[103   0   1   5   1   4   8]
[131   2   2   1   2   2   4]
[500   0   5   1   1   1   1]
[434   0   4   3   2   5   8]
[120   1   1   5   5   1  16]
[583   0   5   4   2   4   1]
[434   0   4   3   2   5   8]
[247   2   2   5   5   3   4]
[494   1   4   5   4   5   4]
[251   0   3   1   1   2   8]
[412   2   4   2   3   3   2]
[277   0   3   2   1   3   1]
[238   2   2   5   3   4   1]
[160   0   2   2   3   1   8]
[35  2  1  2  3  1 16]
[181   0   2   3   2   2   8]
[154   2   2   2   1   5   4]
[4 2 1 1 1 5 1]
[624   1   5   5   5   5   4]
[429   0   4   3   1   5   1]
[455   0   4   4   2   1   1]
[574   2   5   3   5   5   1]
[373   2   3   5   5   4   2]
[434   0   4   3   2   5   8]
[131   2   2   1   2   2   4]
[56  2  1  3  2  2  8]
[251   0   3   1   1   2   8]
[322   2   3   3   5   3   1]
[620   0   5   5   5   1   1]
[229   0   2   5   1   5   1]
[413   2   4   2   3   4   2]
[469   2   4   4   4   5   8]
[50  0  1  3  1  1  1]
[251   0   3   1   1   2   8]
[256   2   3   1   2   2   8]
[191   2   2   3   4   2   4]
[163   2   2   2   3   4   1]
[10  2  1  1  3  1  1]
[317   2   3   3   4   3   2]
[364   1   3   5   3   5   4]
[342   1   3   4   4   3   8]
[520   1   5   1   5   1   2]
[207   0   2   4   2   3   2]
[557   0   5   3   2   3   1]
[494   1   4   5   4   5   4]
[83  2  1  4  2  4  4]
[324   2   3   3   5   5   1]
[409   2   4   2   2   5   2]
[26  1  1  2  1  2  4]
[515   0   5   1   4   1  16]
[85  0  1  4  3  1  4]
[411   0   4   2   3   2   4]
[6 2 1 1 2 2 1]
[407   0   4   2   2   3   2]
[252   1   3   1   1   3   4]
[139   2   2   1   3   5   1]
[191   2   2   3   4   2   4]
[213   2   2   4   3   4   1]
