[110   0   1   5   3   1   8]
[411   0   4   2   3   2  16]
[326   0   3   4   1   2   1]
[307   0   3   3   2   3   8]
[213   2   2   4   3   4   2]
[420   0   4   2   5   1   8]
[434   0   4   3   2   5  16]
[79  2  1  4  1  5  8]
[469   2   4   4   4   5   8]
[541   0   5   2   4   2   8]
[ 5  2  1  1  2  1 16]
[321   2   3   3   5   2   8]
[421   2   4   2   5   2   8]
[157   2   2   2   2   3   4]
[26  1  1  2  1  2 16]
[565   0   5   3   4   1   1]
[515   0   5   1   4   1  16]
[30  1  1  2  2  1 32]
[411   0   4   2   3   2  16]
[184   2   2   3   2   5   2]
[517   2   5   1   4   3   1]
[30  1  1  2  2  1 32]
[130   1   2   1   2   1  16]
[442   1   4   3   4   3  16]
[285   0   3   2   3   1   1]
[438   1   4   3   3   4   8]
[30  1  1  2  2  1 32]
[515   0   5   1   4   1  16]
[564   1   5   3   3   5  16]
[363   0   3   5   3   4   4]
[239   2   2   5   3   5   2]
[510   0   5   1   3   1   2]
[623   0   5   5   5   4   8]
[506   0   5   1   2   2   2]
[30  1  1  2  2  1 32]
[127   2   2   1   1   3   8]
[504   1   5   1   1   5   8]
[337   0   3   4   3   3   8]
[534   1   5   2   2   5   8]
[186   1   2   3   3   2   8]
[30  1  1  2  2  1 32]
[60  1  1  3  3  1 32]
[502   0   5   1   1   3   2]
[499   2   4   5   5   5   8]
[31  2  1  2  2  2  1]
[502   0   5   1   1   3   2]
[437   0   4   3   3   3   8]
[234   1   2   5   2   5   8]
[517   2   5   1   4   3   1]
[442   1   4   3   4   3  16]
[624   1   5   5   5   5   8]
[255   0   3   1   2   1   8]
[260   1   3   1   3   1   8]
[251   0   3   1   1   2  16]
[56  2  1  3  2  2  8]
[347   2   3   4   5   3   8]
[546   1   5   2   5   2   8]
[619   0   5   5   4   5   8]
[467   0   4   4   4   3   8]
[90  1  1  4  4  1  8]
[515   0   5   1   4   1  16]
[26  1  1  2  1  2 16]
[126   1   2   1   1   2  16]
[507   2   5   1   2   3  16]
[125   0   2   1   1   1   8]
[56  2  1  3  2  2  8]
[56  2  1  3  2  2  8]
[282   1   3   2   2   3   4]
[439   2   4   3   3   5   8]
[362   0   3   5   3   3   2]
[463   0   4   4   3   4   2]
[442   1   4   3   4   3  16]
[195   0   2   3   5   1  32]
[442   1   4   3   4   3  16]
[126   1   2   1   1   2  16]
[284   2   3   2   2   5   2]
[399   2   4   1   5   5   1]
[153   1   2   2   1   4  16]
[598   1   5   4   5   4   4]
[182   1   2   3   2   3   4]
[609   0   5   5   2   5   1]
[103   0   1   5   1   4   8]
[145   2   2   1   5   1   1]
[624   1   5   5   5   5   8]
[260   1   3   1   3   1   8]
[183   2   2   3   2   4   4]
[194   2   2   3   4   5   1]
[236   0   2   5   3   2   1]
[211   0   2   4   3   2   8]
[283   2   3   2   2   4   4]
[281   0   3   2   2   2   8]
[7 2 1 1 2 3 2]
[313   2   3   3   3   4   8]
[120   1   1   5   5   1  16]
[186   1   2   3   3   2   8]
[60  1  1  3  3  1 32]
[65  2  1  3  4  1  4]
[603   0   5   5   1   4   1]
[416   1   4   2   4   2   8]
[156   1   2   2   2   2   8]
[220   0   2   4   5   1   4]
[154   2   2   2   1   5   8]
[191   2   2   3   4   2   4]
[35  2  1  2  3  1 16]
[589   0   5   4   3   5   8]
[154   2   2   2   1   5   8]
[309   2   3   3   2   5   2]
[301   0   3   3   1   2   1]
[90  1  1  4  4  1  8]
[364   1   3   5   3   5   4]
[229   0   2   5   1   5   2]
[392   2   4   1   4   3   1]
[290   0   3   2   4   1   2]
[153   1   2   2   1   4  16]
[503   0   5   1   1   4   2]
[367   0   3   5   4   3   1]
[438   1   4   3   3   4   8]
[623   0   5   5   5   4   8]
[541   0   5   2   4   2   8]
[173   2   2   2   5   4   1]
[567   0   5   3   4   3   8]
[256   2   3   1   2   2   8]
[378   1   4   1   1   4   2]
[26  1  1  2  1  2 16]
[120   1   1   5   5   1  16]
[128   2   2   1   1   4   2]
[553   0   5   3   1   4   1]
[520   1   5   1   5   1   2]
[90  1  1  4  4  1  8]
[347   2   3   4   5   3   8]
[195   0   2   3   5   1  32]
[338   1   3   4   3   4   4]
[556   0   5   3   2   2   1]
[439   2   4   3   3   5   8]
[218   2   2   4   4   4   2]
[153   1   2   2   1   4  16]
[85  0  1  4  3  1  8]
[78  1  1  4  1  4 32]
[60  1  1  3  3  1 32]
[65  2  1  3  4  1  4]
[516   2   5   1   4   2   1]
[421   2   4   2   5   2   8]
[315   0   3   3   4   1   1]
[442   1   4   3   4   3  16]
[107   2   1   5   2   3   8]
[161   2   2   2   3   2   4]
[195   0   2   3   5   1  32]
[510   0   5   1   3   1   2]
[143   2   2   1   4   4   1]
[312   1   3   3   3   3   8]
[456   0   4   4   2   2   1]
[110   0   1   5   3   1   8]
[125   0   2   1   1   1   8]
[97  2  1  4  5  3  1]
[267   2   3   1   4   3   1]
[320   0   3   3   5   1   2]
[468   1   4   4   4   4   8]
[365   0   3   5   4   1   1]
[126   1   2   1   1   2  16]
[411   0   4   2   3   2  16]
[22  2  1  1  5  3  1]
[25  0  1  2  1  1  8]
[153   1   2   2   1   4  16]
[365   0   3   5   4   1   1]
[327   0   3   4   1   3   1]
[131   2   2   1   2   2  16]
[155   0   2   2   2   1   8]
[415   0   4   2   4   1   4]
[408   1   4   2   2   4   8]
[498   1   4   5   5   4   4]
[408   1   4   2   2   4   8]
[3 2 1 1 1 4 1]
[34  2  1  2  2  5  1]
[154   2   2   2   1   5   8]
[438   1   4   3   3   4   8]
[84  2  1  4  2  5  1]
[346   0   3   4   5   2   1]
[577   0   5   4   1   3   1]
[78  1  1  4  1  4 32]
[440   0   4   3   4   1   1]
[131   2   2   1   2   2  16]
[60  1  1  3  3  1 32]
[525   0   5   2   1   1   1]
[106   0   1   5   2   2   8]
[246   1   2   5   5   2  16]
[548   2   5   2   5   4   1]
[252   1   3   1   1   3   8]
[33  2  1  2  2  4  1]
[143   2   2   1   4   4   1]
[155   0   2   2   2   1   8]
[156   1   2   2   2   2   8]
[338   1   3   4   3   4   4]
[521   2   5   1   5   2   2]
[115   0   1   5   4   1   8]
[385   0   4   1   3   1   4]
[56  2  1  3  2  2  8]
[260   1   3   1   3   1   8]
[530   0   5   2   2   1   1]
[26  1  1  2  1  2 16]
[130   1   2   1   2   1  16]
[584   0   5   4   2   5   1]
[271   2   3   1   5   2   1]
[522   2   5   1   5   3   1]
[491   0   4   5   4   2   1]
[371   0   3   5   5   2   4]
[439   2   4   3   3   5   8]
[106   0   1   5   2   2   8]
[166   2   2   2   4   2   2]
[253   2   3   1   1   4   8]
[371   0   3   5   5   2   4]
[420   0   4   2   5   1   8]
[446   0   4   3   5   2   4]
[469   2   4   4   4   5   8]
[320   0   3   3   5   1   2]
[381   1   4   1   2   2   8]
[447   2   4   3   5   3   8]
[195   0   2   3   5   1  32]
[439   2   4   3   3   5   8]
[25  0  1  2  1  1  8]
[569   2   5   3   4   5   8]
[60  1  1  3  3  1 32]
[338   1   3   4   3   4   4]
[241   0   2   5   4   2   4]
[411   0   4   2   3   2  16]
[499   2   4   5   5   5   8]
[253   2   3   1   1   4   8]
[191   2   2   3   4   2   4]
[35  2  1  2  3  1 16]
[368   2   3   5   4   4   1]
[125   0   2   1   1   1   8]
[194   2   2   3   4   5   1]
[603   0   5   5   1   4   1]
[362   0   3   5   3   3   2]
[421   2   4   2   5   2   8]
[564   1   5   3   3   5  16]
[507   2   5   1   2   3  16]
[106   0   1   5   2   2   8]
[30  1  1  2  2  1 32]
[546   1   5   2   5   2   8]
[411   0   4   2   3   2  16]
[533   0   5   2   2   4   8]
[567   0   5   3   4   3   8]
[441   0   4   3   4   2   2]
[563   0   5   3   3   4   4]
[589   0   5   4   3   5   8]
[505   0   5   1   2   1   1]
[356   0   3   5   2   2   1]
[246   1   2   5   5   2  16]
[515   0   5   1   4   1  16]
[126   1   2   1   1   2  16]
[81  1  1  4  2  2  8]
[574   2   5   3   5   5   1]
[234   1   2   5   2   5   8]
[215   0   2   4   4   1   1]
[359   0   3   5   2   5   4]
[363   0   3   5   3   4   4]
[542   2   5   2   4   3   2]
[2 2 1 1 1 3 2]
[411   0   4   2   3   2  16]
[468   1   4   4   4   4   8]
[338   1   3   4   3   4   4]
[139   2   2   1   3   5   1]
[347   2   3   4   5   3   8]
[106   0   1   5   2   2   8]
[348   2   3   4   5   4   1]
[434   0   4   3   2   5  16]
[120   1   1   5   5   1  16]
[539   2   5   2   3   5   2]
[390   1   4   1   4   1   8]
[251   0   3   1   1   2  16]
[265   2   3   1   4   1   4]
[490   0   4   5   4   1   1]
[455   0   4   4   2   1   1]
[412   2   4   2   3   3   2]
[30  1  1  2  2  1 32]
[78  1  1  4  1  4 32]
[571   0   5   3   5   2   2]
[437   0   4   3   3   3   8]
[376   0   4   1   1   2   1]
[195   0   2   3   5   1  32]
[30  1  1  2  2  1 32]
[546   1   5   2   5   2   8]
[478   0   4   5   1   4   1]
[60  1  1  3  3  1 32]
[546   1   5   2   5   2   8]
[533   0   5   2   2   4   8]
[236   0   2   5   3   2   1]
[564   1   5   3   3   5  16]
[14  2  1  1  3  5  1]
[619   0   5   5   4   5   8]
[395   2   4   1   5   1   4]
[56  2  1  3  2  2  8]
[416   1   4   2   4   2   8]
[252   1   3   1   1   3   8]
[564   1   5   3   3   5  16]
[381   1   4   1   2   2   8]
[552   0   5   3   1   3   1]
[535   0   5   2   3   1   1]
[60  1  1  3  3  1 32]
[195   0   2   3   5   1  32]
[103   0   1   5   1   4   8]
[115   0   1   5   4   1   8]
[500   0   5   1   1   1   1]
[60  1  1  3  3  1 32]
[60  1  1  3  3  1 32]
[404   0   4   2   1   5   2]
[60  1  1  3  3  1 32]
[25  0  1  2  1  1  8]
[225   0   2   5   1   1   1]
[30  1  1  2  2  1 32]
[579   0   5   4   1   5   1]
[321   2   3   3   5   2   8]
[533   0   5   2   2   4   8]
[201   0   2   4   1   2   1]
[590   0   5   4   4   1   1]
[2 2 1 1 1 3 2]
[251   0   3   1   1   2  16]
[151   0   2   2   1   2   4]
[409   2   4   2   2   5   2]
[107   2   1   5   2   3   8]
[31  2  1  2  2  2  1]
[442   1   4   3   4   3  16]
[ 5  2  1  1  2  1 16]
[155   0   2   2   2   1   8]
[127   2   2   1   1   3   8]
[297   2   3   2   5   3   1]
[564   1   5   3   3   5  16]
[161   2   2   2   3   2   4]
[467   0   4   4   4   3   8]
[31  2  1  2  2  2  1]
[127   2   2   1   1   3   8]
[329   0   3   4   1   5   1]
[442   1   4   3   4   3  16]
[232   0   2   5   2   3   1]
[48  2  1  2  5  4  1]
[216   1   2   4   4   2   8]
[104   1   1   5   1   5   8]
[249   2   2   5   5   5   1]
[619   0   5   5   4   5   8]
[38  2  1  2  3  4  1]
[393   2   4   1   4   4   1]
[564   1   5   3   3   5  16]
[564   1   5   3   3   5  16]
[485   0   4   5   3   1   1]
[399   2   4   1   5   5   1]
[415   0   4   2   4   1   4]
[107   2   1   5   2   3   8]
[499   2   4   5   5   5   8]
[307   0   3   3   2   3   8]
[151   0   2   2   1   2   4]
[411   0   4   2   3   2  16]
[434   0   4   3   2   5  16]
[607   0   5   5   2   3   1]
[564   1   5   3   3   5  16]
[60  1  1  3  3  1 32]
[126   1   2   1   1   2  16]
[161   2   2   2   3   2   4]
[563   0   5   3   3   4   4]
[504   1   5   1   1   5   8]
[35  2  1  2  3  1 16]
[352   0   3   5   1   3   1]
[195   0   2   3   5   1  32]
[484   0   4   5   2   5   1]
[127   2   2   1   1   3   8]
[251   0   3   1   1   2  16]
[195   0   2   3   5   1  32]
[454   0   4   4   1   5   1]
[594   1   5   4   4   5   8]
[515   0   5   1   4   1  16]
[347   2   3   4   5   3   8]
[595   0   5   4   5   1   1]
[548   2   5   2   5   4   1]
[260   1   3   1   3   1   8]
[504   1   5   1   1   5   8]
[103   0   1   5   1   4   8]
[519   2   5   1   4   5   1]
[30  1  1  2  2  1 32]
[195   0   2   3   5   1  32]
[437   0   4   3   3   3   8]
[550   0   5   3   1   1   1]
[473   2   4   4   5   4   4]
[335   0   3   4   3   1   1]
[373   2   3   5   5   4   2]
[352   0   3   5   1   3   1]
[251   0   3   1   1   2  16]
[79  2  1  4  1  5  8]
[255   0   3   1   2   1   8]
[81  1  1  4  2  2  8]
[469   2   4   4   4   5   8]
[621   0   5   5   5   2   1]
[0 1 1 1 1 1 8]
[573   2   5   3   5   4   8]
[464   0   4   4   3   5   2]
[294   2   3   2   4   5   1]
[137   2   2   1   3   3   1]
[398   2   4   1   5   4   1]
[417   2   4   2   4   3   2]
[362   0   3   5   3   3   2]
[195   0   2   3   5   1  32]
[236   0   2   5   3   2   1]
[533   0   5   2   2   4   8]
[60  1  1  3  3  1 32]
[195   0   2   3   5   1  32]
[53  2  1  3  1  4  1]
[313   2   3   3   3   4   8]
[165   1   2   2   4   1   8]
[387   2   4   1   3   3   1]
[216   1   2   4   4   2   8]
[251   0   3   1   1   2  16]
[30  1  1  2  2  1 32]
[470   0   4   4   5   1   1]
[207   0   2   4   2   3   2]
[350   0   3   5   1   1   1]
[249   2   2   5   5   5   1]
[79  2  1  4  1  5  8]
[60  1  1  3  3  1 32]
[381   1   4   1   2   2   8]
[60  1  1  3  3  1 32]
[447   2   4   3   5   3   8]
[195   0   2   3   5   1  32]
[413   2   4   2   3   4   2]
[431   0   4   3   2   2   1]
[251   0   3   1   1   2  16]
[106   0   1   5   2   2   8]
[60  1  1  3  3  1 32]
[60  1  1  3  3  1 32]
[78  1  1  4  1  4 32]
[214   2   2   4   3   5   1]
[431   0   4   3   2   2   1]
[251   0   3   1   1   2  16]
[25  0  1  2  1  1  8]
[16  2  1  1  4  2  1]
[534   1   5   2   2   5   8]
[337   0   3   4   3   3   8]
[78  1  1  4  1  4 32]
[599   2   5   4   5   5   4]
[314   2   3   3   3   5   1]
[283   2   3   2   2   4   4]
[251   0   3   1   1   2  16]
[347   2   3   4   5   3   8]
[131   2   2   1   2   2  16]
[131   2   2   1   2   2  16]
[421   2   4   2   5   2   8]
[130   1   2   1   2   1  16]
[515   0   5   1   4   1  16]
[479   0   4   5   1   5   1]
[170   2   2   2   5   1   4]
[564   1   5   3   3   5  16]
[287   2   3   2   3   3   1]
[442   1   4   3   4   3  16]
[359   0   3   5   2   5   4]
[347   2   3   4   5   3   8]
[30  1  1  2  2  1 32]
[234   1   2   5   2   5   8]
[156   1   2   2   2   2   8]
[214   2   2   4   3   5   1]
[81  1  1  4  2  2  8]
[567   0   5   3   4   3   8]
[130   1   2   1   2   1  16]
[106   0   1   5   2   2   8]
[1 2 1 1 1 2 4]
[45  2  1  2  5  1  1]
[411   0   4   2   3   2  16]
[412   2   4   2   3   3   2]
[220   0   2   4   5   1   4]
[347   2   3   4   5   3   8]
[178   0   2   3   1   4   1]
[411   0   4   2   3   2  16]
[281   0   3   2   2   2   8]
[226   0   2   5   1   2   1]
[442   1   4   3   4   3  16]
[141   2   2   1   4   2   1]
[115   0   1   5   4   1   8]
[83  2  1  4  2  4  4]
[221   2   2   4   5   2   4]
[335   0   3   4   3   1   1]
[429   0   4   3   1   5   1]
[292   2   3   2   4   3   1]
[102   0   1   5   1   3   2]
[433   0   4   3   2   4   2]
[569   2   5   3   4   5   8]
[337   0   3   4   3   3   8]
[490   0   4   5   4   1   1]
[55  0  1  3  2  1  1]
[252   1   3   1   1   3   8]
[6 2 1 1 2 2 1]
[606   0   5   5   2   2   1]
[60  1  1  3  3  1 32]
[489   0   4   5   3   5   2]
[125   0   2   1   1   1   8]
[437   0   4   3   3   3   8]
[56  2  1  3  2  2  8]
[256   2   3   1   2   2   8]
[371   0   3   5   5   2   4]
[260   1   3   1   3   1   8]
[130   1   2   1   2   1  16]
[597   0   5   4   5   3   1]
[26  1  1  2  1  2 16]
[130   1   2   1   2   1  16]
[222   2   2   4   5   3   1]
[321   2   3   3   5   2   8]
[330   0   3   4   2   1   1]
[266   2   3   1   4   2   1]
[619   0   5   5   4   5   8]
[250   0   3   1   1   1   1]
[195   0   2   3   5   1  32]
[251   0   3   1   1   2  16]
[468   1   4   4   4   4   8]
[325   0   3   4   1   1   1]
[372   1   3   5   5   3   2]
[384   2   4   1   2   5   1]
[60  1  1  3  3  1 32]
[300   0   3   3   1   1   1]
[577   0   5   4   1   3   1]
[315   0   3   3   4   1   1]
[165   1   2   2   4   1   8]
[156   1   2   2   2   2   8]
[316   0   3   3   4   2   8]
[313   2   3   3   3   4   8]
[460   0   4   4   3   1   1]
[26  1  1  2  1  2 16]
[78  1  1  4  1  4 32]
[594   1   5   4   4   5   8]
[36  2  1  2  3  2  1]
[216   1   2   4   4   2   8]
[564   1   5   3   3   5  16]
[59  2  1  3  2  5  1]
[85  0  1  4  3  1  8]
[337   0   3   4   3   3   8]
[256   2   3   1   2   2   8]
[28  2  1  2  1  4  8]
[624   1   5   5   5   5   8]
[496   0   4   5   5   2   1]
[195   0   2   3   5   1  32]
[558   0   5   3   2   4   1]
[60  1  1  3  3  1 32]
[523   2   5   1   5   4   1]
[58  2  1  3  2  4  2]
[77  0  1  4  1  3  8]
[183   2   2   3   2   4   4]
[30  1  1  2  2  1 32]
[353   0   3   5   1   4   1]
[442   1   4   3   4   3  16]
[154   2   2   2   1   5   8]
[572   1   5   3   5   3   4]
[195   0   2   3   5   1  32]
[286   1   3   2   3   2   4]
[578   0   5   4   1   4   1]
[281   0   3   2   2   2   8]
[602   0   5   5   1   3   1]
[232   0   2   5   2   3   1]
[173   2   2   2   5   4   1]
[504   1   5   1   1   5   8]
[234   1   2   5   2   5   8]
[529   0   5   2   1   5   4]
[507   2   5   1   2   3  16]
[519   2   5   1   4   5   1]
[160   0   2   2   3   1   8]
[160   0   2   2   3   1   8]
[78  1  1  4  1  4 32]
[251   0   3   1   1   2  16]
[307   0   3   3   2   3   8]
[446   0   4   3   5   2   4]
[342   1   3   4   4   3   8]
[78  1  1  4  1  4 32]
[26  1  1  2  1  2 16]
[25  0  1  2  1  1  8]
[155   0   2   2   2   1   8]
[359   0   3   5   2   5   4]
[131   2   2   1   2   2  16]
[246   1   2   5   5   2  16]
[493   0   4   5   4   4   2]
[252   1   3   1   1   3   8]
[593   0   5   4   4   4   4]
[35  2  1  2  3  1 16]
[189   2   2   3   3   5   1]
[120   1   1   5   5   1  16]
[533   0   5   2   2   4   8]
[60  1  1  3  3  1 32]
[534   1   5   2   2   5   8]
[107   2   1   5   2   3   8]
[283   2   3   2   2   4   4]
[413   2   4   2   3   4   2]
[78  1  1  4  1  4 32]
[439   2   4   3   3   5   8]
[256   2   3   1   2   2   8]
[584   0   5   4   2   5   1]
[363   0   3   5   3   4   4]
[131   2   2   1   2   2  16]
[56  2  1  3  2  2  8]
[541   0   5   2   4   2   8]
[569   2   5   3   4   5   8]
[281   0   3   2   2   2   8]
[410   0   4   2   3   1   1]
[107   2   1   5   2   3   8]
[308   0   3   3   2   4   4]
[489   0   4   5   3   5   2]
[242   2   2   5   4   3   1]
[390   1   4   1   4   1   8]
[411   0   4   2   3   2  16]
[454   0   4   4   1   5   1]
[48  2  1  2  5  4  1]
[83  2  1  4  2  4  4]
[60  1  1  3  3  1 32]
[573   2   5   3   5   4   8]
[619   0   5   5   4   5   8]
[624   1   5   5   5   5   8]
[104   1   1   5   1   5   8]
[482   0   4   5   2   3   1]
[387   2   4   1   3   3   1]
[370   0   3   5   5   1   2]
[398   2   4   1   5   4   1]
[120   1   1   5   5   1  16]
[125   0   2   1   1   1   8]
[321   2   3   3   5   2   8]
[220   0   2   4   5   1   4]
[507   2   5   1   2   3  16]
[234   1   2   5   2   5   8]
[154   2   2   2   1   5   8]
[183   2   2   3   2   4   4]
[439   2   4   3   3   5   8]
[195   0   2   3   5   1  32]
[117   2   1   5   4   3   1]
[30  1  1  2  2  1 32]
[567   0   5   3   4   3   8]
