[404   0   4   2   1   5   2]
[363   0   3   5   3   4   1]
[624   1   5   5   5   5   4]
[286   1   3   2   3   2   2]
[120   1   1   5   5   1  16]
[1 2 1 1 1 2 4]
[552   0   5   3   1   3   1]
[182   1   2   3   2   3   2]
[126   1   2   1   1   2   4]
[120   1   1   5   5   1  16]
[287   2   3   2   3   3   1]
[469   2   4   4   4   5   8]
[589   0   5   4   3   5   4]
[499   2   4   5   5   5   4]
[464   0   4   4   3   5   2]
[257   2   3   1   2   3   1]
[511   2   5   1   3   2   4]
[619   0   5   5   4   5   4]
[285   0   3   2   3   1   1]
[69  2  1  3  4  5  1]
[161   2   2   2   3   2   4]
[605   0   5   5   2   1   1]
[318   2   3   3   4   4   1]
[55  0  1  3  2  1  1]
[308   0   3   3   2   4   2]
[297   2   3   2   5   3   1]
[249   2   2   5   5   5   1]
[131   2   2   1   2   2   4]
[434   0   4   3   2   5   8]
[364   1   3   5   3   5   4]
[278   0   3   2   1   4   1]
[260   1   3   1   3   1   8]
[440   0   4   3   4   1   1]
[593   0   5   4   4   4   4]
[404   0   4   2   1   5   2]
[611   0   5   5   3   2   1]
[39  2  1  2  3  5  1]
[208   1   2   4   2   4   4]
[239   2   2   5   3   5   1]
[534   1   5   2   2   5   8]
[212   2   2   4   3   3   2]
[491   0   4   5   4   2   1]
[577   0   5   4   1   3   1]
[99  2  1  4  5  5  1]
[211   0   2   4   3   2   4]
[609   0   5   5   2   5   1]
[266   2   3   1   4   2   1]
[148   2   2   1   5   4   1]
[83  2  1  4  2  4  4]
[437   0   4   3   3   3   8]
[242   2   2   5   4   3   1]
[624   1   5   5   5   5   4]
[106   0   1   5   2   2   2]
[281   0   3   2   2   2   4]
[581   0   5   4   2   2   1]
[535   0   5   2   3   1   1]
[532   0   5   2   2   3   1]
[593   0   5   4   4   4   4]
[268   2   3   1   4   4   1]
[258   2   3   1   2   4   1]
[233   0   2   5   2   4   2]
[529   0   5   2   1   5   4]
[187   2   2   3   3   3   1]
[170   2   2   2   5   1   4]
[541   0   5   2   4   2   8]
[121   2   1   5   5   2   2]
[541   0   5   2   4   2   8]
[321   2   3   3   5   2   8]
[324   2   3   3   5   5   1]
[515   0   5   1   4   1   4]
[377   0   4   1   1   3   4]
[534   1   5   2   2   5   8]
[515   0   5   1   4   1   4]
[64  2  1  3  3  5  1]
[507   2   5   1   2   3   8]
[373   2   3   5   5   4   2]
[140   2   2   1   4   1   1]
[90  1  1  4  4  1  4]
[225   0   2   5   1   1   1]
[520   1   5   1   5   1   2]
[510   0   5   1   3   1   1]
[14  2  1  1  3  5  1]
[125   0   2   1   1   1   4]
[377   0   4   1   1   3   4]
[408   1   4   2   2   4   4]
[90  1  1  4  4  1  4]
[80  0  1  4  2  1  2]
[220   0   2   4   5   1   4]
[5 2 1 1 2 1 8]
[22  2  1  1  5  3  1]
[507   2   5   1   2   3   8]
[56  2  1  3  2  2  8]
[434   0   4   3   2   5   8]
[338   1   3   4   3   4   4]
[413   2   4   2   3   4   2]
[165   1   2   2   4   1   4]
[593   0   5   4   4   4   4]
[208   1   2   4   2   4   4]
[1 2 1 1 1 2 4]
[71  2  1  3  5  2  1]
[160   0   2   2   3   1   4]
[448   2   4   3   5   4   1]
[541   0   5   2   4   2   8]
[494   1   4   5   4   5   4]
[223   2   2   4   5   4   1]
[165   1   2   2   4   1   4]
[112   2   1   5   3   3   1]
[247   2   2   5   5   3   4]
[597   0   5   4   5   3   1]
[165   1   2   2   4   1   4]
[529   0   5   2   1   5   4]
[446   0   4   3   5   2   2]
[170   2   2   2   5   1   4]
[453   0   4   4   1   4   1]
[381   1   4   1   2   2   2]
[276   0   3   2   1   2   1]
[171   2   2   2   5   2   1]
[450   0   4   4   1   1   1]
[411   0   4   2   3   2   4]
[156   1   2   2   2   2   4]
[470   0   4   4   5   1   1]
[208   1   2   4   2   4   4]
[72  2  1  3  5  3  1]
[358   0   3   5   2   4   1]
[244   2   2   5   4   5   1]
[362   0   3   5   3   3   1]
[259   2   3   1   2   5   1]
[192   2   2   3   4   3   1]
[336   0   3   4   3   2   1]
[437   0   4   3   3   3   8]
[243   2   2   5   4   4   1]
[336   0   3   4   3   2   1]
[17  2  1  1  4  3  1]
[469   2   4   4   4   5   8]
[124   2   1   5   5   5   1]
[25  0  1  2  1  1  4]
[495   0   4   5   5   1   1]
[624   1   5   5   5   5   4]
[246   1   2   5   5   2   2]
[82  2  1  4  2  3  1]
[324   2   3   3   5   5   1]
[5 2 1 1 2 1 8]
[163   2   2   2   3   4   1]
[162   2   2   2   3   3   1]
[260   1   3   1   3   1   8]
[265   2   3   1   4   1   1]
[437   0   4   3   3   3   8]
[109   2   1   5   2   5   1]
[343   2   3   4   4   4   1]
[260   1   3   1   3   1   8]
[164   2   2   2   3   5   1]
[415   0   4   2   4   1   2]
[126   1   2   1   1   2   4]
[393   2   4   1   4   4   1]
[321   2   3   3   5   2   8]
[56  2  1  3  2  2  8]
[362   0   3   5   3   3   1]
[334   0   3   4   2   5   1]
[208   1   2   4   2   4   4]
[288   2   3   2   3   4   1]
[133   2   2   1   2   4   1]
[453   0   4   4   1   4   1]
[344   2   3   4   4   5   1]
[433   0   4   3   2   4   1]
[575   0   5   4   1   1   1]
[115   0   1   5   4   1   4]
[240   0   2   5   4   1   1]
[90  1  1  4  4  1  4]
[420   0   4   2   5   1   4]
[556   0   5   3   2   2   1]
[492   0   4   5   4   3   1]
[347   2   3   4   5   3   8]
[439   2   4   3   3   5   8]
[513   2   5   1   3   4   1]
[120   1   1   5   5   1  16]
[623   0   5   5   5   4   8]
[466   0   4   4   4   2   1]
[47  2  1  2  5  3  1]
[342   1   3   4   4   3   8]
[585   0   5   4   3   1   1]
[618   0   5   5   4   4   1]
[250   0   3   1   1   1   1]
[526   0   5   2   1   2   1]
[615   0   5   5   4   1   1]
[241   0   2   5   4   2   4]
[507   2   5   1   2   3   8]
[288   2   3   2   3   4   1]
[534   1   5   2   2   5   8]
[300   0   3   3   1   1   1]
[119   2   1   5   4   5   1]
[533   0   5   2   2   4   8]
[359   0   3   5   2   5   4]
[207   0   2   4   2   3   2]
[209   2   2   4   2   5   1]
[86  2  1  4  3  2  2]
[286   1   3   2   3   2   2]
[296   2   3   2   5   2   1]
[255   0   3   1   2   1   2]
[601   0   5   5   1   2   1]
[541   0   5   2   4   2   8]
[504   1   5   1   1   5   8]
[467   0   4   4   4   3   8]
[448   2   4   3   5   4   1]
[264   2   3   1   3   5   1]
[282   1   3   2   2   3   4]
[534   1   5   2   2   5   8]
[59  2  1  3  2  5  1]
[557   0   5   3   2   3   1]
[378   1   4   1   1   4   2]
[294   2   3   2   4   5   1]
[560   0   5   3   3   1   1]
[170   2   2   2   5   1   4]
[261   2   3   1   3   2   2]
[1 2 1 1 1 2 4]
[194   2   2   3   4   5   1]
[347   2   3   4   5   3   8]
[623   0   5   5   5   4   8]
[165   1   2   2   4   1   4]
[439   2   4   3   3   5   8]
[281   0   3   2   2   2   4]
[534   1   5   2   2   5   8]
[444   2   4   3   4   5   1]
[597   0   5   4   5   3   1]
[487   0   4   5   3   3   1]
[81  1  1  4  2  2  2]
[9 2 1 1 2 5 1]
[283   2   3   2   2   4   4]
[5 2 1 1 2 1 8]
[261   2   3   1   3   2   2]
[130   1   2   1   2   1   4]
[245   0   2   5   5   1   1]
[475   0   4   5   1   1   1]
[622   0   5   5   5   3   1]
[120   1   1   5   5   1  16]
[56  2  1  3  2  2  8]
[593   0   5   4   4   4   4]
[376   0   4   1   1   2   1]
[135   2   2   1   3   1   4]
[476   0   4   5   1   2   1]
[281   0   3   2   2   2   4]
[411   0   4   2   3   2   4]
[56  2  1  3  2  2  8]
[242   2   2   5   4   3   1]
[221   2   2   4   5   2   2]
[247   2   2   5   5   3   4]
[208   1   2   4   2   4   4]
[196   2   2   3   5   2   1]
[522   2   5   1   5   3   1]
[485   0   4   5   3   1   1]
[107   2   1   5   2   3   4]
[307   0   3   3   2   3   2]
[263   2   3   1   3   4   1]
[154   2   2   2   1   5   4]
[469   2   4   4   4   5   8]
[233   0   2   5   2   4   2]
[120   1   1   5   5   1  16]
[184   2   2   3   2   5   2]
[161   2   2   2   3   2   4]
[221   2   2   4   5   2   2]
[308   0   3   3   2   4   2]
[293   2   3   2   4   4   1]
[234   1   2   5   2   5   4]
[183   2   2   3   2   4   2]
[233   0   2   5   2   4   2]
[373   2   3   5   5   4   2]
[251   0   3   1   1   2   8]
[26  1  1  2  1  2  4]
[401   0   4   2   1   2   1]
[529   0   5   2   1   5   4]
[619   0   5   5   4   5   4]
[224   2   2   4   5   5   1]
[533   0   5   2   2   4   8]
[33  2  1  2  2  4  1]
[313   2   3   3   3   4   4]
[247   2   2   5   5   3   4]
[525   0   5   2   1   1   1]
[307   0   3   3   2   3   2]
[546   1   5   2   5   2   4]
[260   1   3   1   3   1   8]
[79  2  1  4  1  5  8]
[45  2  1  2  5  1  1]
[26  1  1  2  1  2  4]
[507   2   5   1   2   3   8]
[534   1   5   2   2   5   8]
[447   2   4   3   5   3   4]
[534   1   5   2   2   5   8]
[270   2   3   1   5   1   1]
[605   0   5   5   2   1   1]
[477   0   4   5   1   3   1]
[120   1   1   5   5   1  16]
[439   2   4   3   3   5   8]
[386   2   4   1   3   2   1]
[573   2   5   3   5   4   2]
[341   0   3   4   4   2   1]
[122   2   1   5   5   3   1]
[393   2   4   1   4   4   1]
[412   2   4   2   3   3   1]
[79  2  1  4  1  5  8]
[504   1   5   1   1   5   8]
[120   1   1   5   5   1  16]
[251   0   3   1   1   2   8]
[97  2  1  4  5  3  1]
[318   2   3   3   4   4   1]
[589   0   5   4   3   5   4]
[499   2   4   5   5   5   4]
[190   0   2   3   4   1   2]
[603   0   5   5   1   4   1]
[498   1   4   5   5   4   4]
[103   0   1   5   1   4   4]
[39  2  1  2  3  5  1]
[280   0   3   2   2   1   1]
[616   0   5   5   4   2   1]
[610   0   5   5   3   1   1]
[72  2  1  3  5  3  1]
[35  2  1  2  3  1  8]
[195   0   2   3   5   1   8]
[438   1   4   3   3   4   2]
[243   2   2   5   4   4   1]
[75  0  1  4  1  1  1]
[165   1   2   2   4   1   4]
[498   1   4   5   5   4   4]
[319   2   3   3   4   5   1]
[195   0   2   3   5   1   8]
[161   2   2   2   3   2   4]
[233   0   2   5   2   4   2]
[25  0  1  2  1  1  4]
[28  2  1  2  1  4  4]
[259   2   3   1   2   5   1]
[114   2   1   5   3   5   1]
[1 2 1 1 1 2 4]
[349   2   3   4   5   5   1]
[258   2   3   1   2   4   1]
[406   0   4   2   2   2   1]
[489   0   4   5   3   5   2]
[313   2   3   3   3   4   4]
[78  1  1  4  1  4  8]
[468   1   4   4   4   4   4]
[294   2   3   2   4   5   1]
[5 2 1 1 2 1 8]
[151   0   2   2   1   2   1]
[555   0   5   3   2   1   1]
[340   0   3   4   4   1   1]
[343   2   3   4   4   4   1]
[504   1   5   1   1   5   8]
[316   0   3   3   4   2   4]
[70  2  1  3  5  1  1]
[28  2  1  2  1  4  4]
[80  0  1  4  2  1  2]
[325   0   3   4   1   1   1]
[593   0   5   4   4   4   4]
[77  0  1  4  1  3  2]
[597   0   5   4   5   3   1]
[533   0   5   2   2   4   8]
[152   0   2   2   1   3   1]
[477   0   4   5   1   3   1]
[310   0   3   3   3   1   1]
[489   0   4   5   3   5   2]
[414   2   4   2   3   5   1]
[141   2   2   1   4   2   1]
[461   0   4   4   3   2   1]
[556   0   5   3   2   2   1]
[126   1   2   1   1   2   4]
[561   0   5   3   3   2   1]
[580   0   5   4   2   1   1]
[65  2  1  3  4  1  2]
[541   0   5   2   4   2   8]
[253   2   3   1   1   4   4]
[79  2  1  4  1  5  8]
[66  2  1  3  4  2  1]
[220   0   2   4   5   1   4]
[191   2   2   3   4   2   4]
[508   2   5   1   2   4   1]
[546   1   5   2   5   2   4]
[482   0   4   5   2   3   1]
[357   0   3   5   2   3   1]
[240   0   2   5   4   1   1]
[447   2   4   3   5   3   4]
[316   0   3   3   4   2   4]
[251   0   3   1   1   2   8]
[503   0   5   1   1   4   1]
[302   0   3   3   1   3   1]
[48  2  1  2  5  4  1]
[422   2   4   2   5   3   1]
[30  1  1  2  2  1  4]
[433   0   4   3   2   4   1]
[107   2   1   5   2   3   4]
[202   0   2   4   1   3   1]
[195   0   2   3   5   1   8]
[90  1  1  4  4  1  4]
[347   2   3   4   5   3   8]
[62  2  1  3  3  3  1]
[109   2   1   5   2   5   1]
[312   1   3   3   3   3   4]
[369   2   3   5   4   5   2]
[154   2   2   2   1   5   4]
[347   2   3   4   5   3   8]
[467   0   4   4   4   3   8]
[529   0   5   2   1   5   4]
[123   2   1   5   5   4   1]
[207   0   2   4   2   3   2]
[32  2  1  2  2  3  2]
[98  2  1  4  5  4  1]
[152   0   2   2   1   3   1]
[442   1   4   3   4   3   4]
[95  2  1  4  5  1  2]
[343   2   3   4   4   4   1]
[501   0   5   1   1   2   1]
[1 2 1 1 1 2 4]
[619   0   5   5   4   5   4]
[444   2   4   3   4   5   1]
[232   0   2   5   2   3   1]
[0 1 1 1 1 1 4]
[216   1   2   4   4   2   4]
[530   0   5   2   2   1   1]
[5 2 1 1 2 1 8]
[575   0   5   4   1   1   1]
[352   0   3   5   1   3   1]
[342   1   3   4   4   3   8]
[210   0   2   4   3   1   1]
[441   0   4   3   4   2   2]
[355   0   3   5   2   1   1]
[441   0   4   3   4   2   2]
[310   0   3   3   3   1   1]
[463   0   4   4   3   4   1]
[395   2   4   1   5   1   4]
[377   0   4   1   1   3   4]
[354   0   3   5   1   5   1]
[170   2   2   2   5   1   4]
[564   1   5   3   3   5   4]
[524   2   5   1   5   5   1]
[80  0  1  4  2  1  2]
[624   1   5   5   5   5   4]
[251   0   3   1   1   2   8]
[208   1   2   4   2   4   4]
[371   0   3   5   5   2   1]
[451   0   4   4   1   2   1]
[337   0   3   4   3   3   4]
[98  2  1  4  5  4  1]
[443   2   4   3   4   4   1]
[416   1   4   2   4   2   4]
[252   1   3   1   1   3   2]
[468   1   4   4   4   4   4]
[177   0   2   3   1   3   1]
[206   0   2   4   2   2   2]
[330   0   3   4   2   1   1]
[243   2   2   5   4   4   1]
[187   2   2   3   3   3   1]
[509   2   5   1   2   5   1]
[261   2   3   1   3   2   2]
[434   0   4   3   2   5   8]
[441   0   4   3   4   2   2]
[168   2   2   2   4   4   1]
[589   0   5   4   3   5   4]
[494   1   4   5   4   5   4]
[260   1   3   1   3   1   8]
[484   0   4   5   2   5   1]
[79  2  1  4  1  5  8]
[338   1   3   4   3   4   4]
[414   2   4   2   3   5   1]
[623   0   5   5   5   4   8]
[352   0   3   5   1   3   1]
[99  2  1  4  5  5  1]
[212   2   2   4   3   3   2]
[594   1   5   4   4   5   2]
[411   0   4   2   3   2   4]
[314   2   3   3   3   5   1]
[181   0   2   3   2   2   2]
[158   2   2   2   2   4   1]
[607   0   5   5   2   3   1]
[191   2   2   3   4   2   4]
[321   2   3   3   5   2   8]
[30  1  1  2  2  1  4]
[14  2  1  1  3  5  1]
[120   1   1   5   5   1  16]
[121   2   1   5   5   2   2]
[587   0   5   4   3   3   1]
[469   2   4   4   4   5   8]
[91  2  1  4  4  2  2]
[395   2   4   1   5   1   4]
[558   0   5   3   2   4   1]
[376   0   4   1   1   2   1]
[290   0   3   2   4   1   1]
[40  2  1  2  4  1  1]
[234   1   2   5   2   5   4]
[131   2   2   1   2   2   4]
[181   0   2   3   2   2   2]
[347   2   3   4   5   3   8]
[310   0   3   3   3   1   1]
[496   0   4   5   5   2   1]
[251   0   3   1   1   2   8]
[130   1   2   1   2   1   4]
[593   0   5   4   4   4   4]
[280   0   3   2   2   1   1]
[373   2   3   5   5   4   2]
[199   2   2   3   5   5   1]
[364   1   3   5   3   5   4]
[533   0   5   2   2   4   8]
[378   1   4   1   1   4   2]
[405   0   4   2   2   1   1]
[447   2   4   3   5   3   4]
[331   0   3   4   2   2   1]
[25  0  1  2  1  1  4]
[481   0   4   5   2   2   1]
[334   0   3   4   2   5   1]
[585   0   5   4   3   1   1]
[282   1   3   2   2   3   4]
[602   0   5   5   1   3   1]
[403   0   4   2   1   4   1]
[447   2   4   3   5   3   4]
[71  2  1  3  5  2  1]
[512   2   5   1   3   3   1]
[161   2   2   2   3   2   4]
[56  2  1  3  2  2  8]
[573   2   5   3   5   4   2]
[454   0   4   4   1   5   1]
[533   0   5   2   2   4   8]
[95  2  1  4  5  1  2]
[251   0   3   1   1   2   8]
[507   2   5   1   2   3   8]
[498   1   4   5   5   4   4]
[201   0   2   4   1   2   1]
[437   0   4   3   3   3   8]
[28  2  1  2  1  4  4]
[413   2   4   2   3   4   2]
[176   0   2   3   1   2   1]
[78  1  1  4  1  4  8]
[489   0   4   5   3   5   2]
[350   0   3   5   1   1   1]
[434   0   4   3   2   5   8]
[534   1   5   2   2   5   8]
[256   2   3   1   2   2   4]
[223   2   2   4   5   4   1]
[121   2   1   5   5   2   2]
[213   2   2   4   3   4   1]
[170   2   2   2   5   1   4]
[486   0   4   5   3   2   1]
[247   2   2   5   5   3   4]
[338   1   3   4   3   4   4]
[507   2   5   1   2   3   8]
[313   2   3   3   3   4   4]
[454   0   4   4   1   5   1]
[290   0   3   2   4   1   1]
[601   0   5   5   1   2   1]
[416   1   4   2   4   2   4]
[434   0   4   3   2   5   8]
[208   1   2   4   2   4   4]
[501   0   5   1   1   2   1]
[541   0   5   2   4   2   8]
[317   2   3   3   4   3   1]
[321   2   3   3   5   2   8]
[56  2  1  3  2  2  8]
[241   0   2   5   4   2   4]
[465   0   4   4   4   1   1]
[56  2  1  3  2  2  8]
[282   1   3   2   2   3   4]
[416   1   4   2   4   2   4]
[15  2  1  1  4  1  1]
[317   2   3   3   4   3   1]
[375   0   4   1   1   1   1]
[564   1   5   3   3   5   4]
[477   0   4   5   1   3   1]
[606   0   5   5   2   2   1]
[437   0   4   3   3   3   8]
[26  1  1  2  1  2  4]
[157   2   2   2   2   3   2]
[235   0   2   5   3   1   1]
[259   2   3   1   2   5   1]
[156   1   2   2   2   2   4]
[96  2  1  4  5  2  1]
[260   1   3   1   3   1   8]
[78  1  1  4  1  4  8]
[404   0   4   2   1   5   2]
[569   2   5   3   4   5   2]
[213   2   2   4   3   4   1]
[423   2   4   2   5   4   1]
[624   1   5   5   5   5   4]
[469   2   4   4   4   5   8]
[468   1   4   4   4   4   4]
[499   2   4   5   5   5   4]
[421   2   4   2   5   2   4]
[531   0   5   2   2   2   1]
[335   0   3   4   3   1   1]
[447   2   4   3   5   3   4]
[152   0   2   2   1   3   1]
[260   1   3   1   3   1   8]
[595   0   5   4   5   1   1]
[401   0   4   2   1   2   1]
[241   0   2   5   4   2   4]
[166   2   2   2   4   2   2]
[499   2   4   5   5   5   4]
[451   0   4   4   1   2   1]
[260   1   3   1   3   1   8]
[97  2  1  4  5  3  1]
[541   0   5   2   4   2   8]
[26  1  1  2  1  2  4]
[261   2   3   1   3   2   2]
[503   0   5   1   1   4   1]
[350   0   3   5   1   1   1]
[560   0   5   3   3   1   1]
[126   1   2   1   1   2   4]
[251   0   3   1   1   2   8]
[418   2   4   2   4   4   1]
[469   2   4   4   4   5   8]
[266   2   3   1   4   2   1]
[14  2  1  1  3  5  1]
[342   1   3   4   4   3   8]
[608   0   5   5   2   4   1]
[487   0   4   5   3   3   1]
[592   0   5   4   4   3   1]
[624   1   5   5   5   5   4]
[282   1   3   2   2   3   4]
[377   0   4   1   1   3   4]
[317   2   3   3   4   3   1]
[195   0   2   3   5   1   8]
[326   0   3   4   1   2   1]
[337   0   3   4   3   3   4]
[115   0   1   5   4   1   4]
[329   0   3   4   1   5   1]
[379   2   4   1   1   5   4]
[54  2  1  3  1  5  1]
[441   0   4   3   4   2   2]
[139   2   2   1   3   5   1]
[504   1   5   1   1   5   8]
[441   0   4   3   4   2   2]
[126   1   2   1   1   2   4]
